0.000000000e+00 0.000000000e+00 3.094714673e-12 0.000000000e+00 0.000000000e+00
3.906000000e-02 1.953000000e-06 1.349647653e-02 7.683861338e-01 9.415176030e-01
7.812000000e-02 3.906000000e-06 4.823307333e-02 7.827197250e-01 6.345147005e-01
1.171800000e-01 5.859000000e-06 6.039995891e-02 -2.393072263e-01 -5.139006324e-01
1.562400000e-01 7.812000000e-06 3.384016600e-02 -9.450373338e-01 -9.808465214e-01
1.953000000e-01 9.765000000e-06 3.737406508e-03 -3.984164809e-01 -1.471189118e-01
2.343600000e-01 1.171800000e-05 9.978705927e-03 6.757308249e-01 8.816990260e-01
2.734200000e-01 1.367100000e-05 4.425511412e-02 8.529507965e-01 7.413202222e-01
3.124800000e-01 1.562400000e-05 6.108069270e-02 -1.016990753e-01 -3.821028662e-01
3.515400000e-01 1.757700000e-05 3.811645282e-02 -9.220639475e-01 -9.988298906e-01
3.906000000e-01 1.953000000e-05 5.796372538e-03 -5.200892767e-01 -2.910361668e-01
4.296600000e-01 2.148300000e-05 6.964878539e-03 5.711785149e-01 8.026925845e-01
4.687200000e-01 2.343600000e-05 4.005539263e-02 9.045320138e-01 8.319928556e-01
5.077800000e-01 2.538900000e-05 6.116770646e-02 3.791888772e-02 -2.419896344e-01
5.468400000e-01 2.734200000e-05 4.228909252e-02 -8.792992132e-01 -9.950763496e-01
5.859000000e-01 2.929500000e-05 8.445143568e-03 -6.306518545e-01 -4.286197838e-01
6.249600000e-01 3.124800000e-05 4.510135251e-03 4.541321870e-01 7.062176465e-01
6.640200000e-01 3.320100000e-05 3.569368476e-02 9.364187326e-01 9.045593489e-01
7.030800000e-01 3.515400000e-05 6.063152204e-02 1.766153512e-01 -9.661013359e-02
7.421400000e-01 3.710700000e-05 4.624350328e-02 -8.175893025e-01 -9.696675845e-01
7.812000000e-01 3.906000000e-05 1.160504860e-02 -7.276406741e-01 -5.568756165e-01
8.202600000e-01 4.101300000e-05 2.648846505e-03 3.271863274e-01 5.943737356e-01
8.593200000e-01 4.296600000e-05 3.124788739e-02 9.479741623e-01 9.574404829e-01
8.983800000e-01 4.491900000e-05 5.946920004e-02 3.114350128e-01 5.087183316e-02
9.374400000e-01 4.687200000e-05 4.988127161e-02 -7.382282107e-01 -9.231565504e-01
9.765000000e-01 4.882500000e-05 1.519640316e-02 -8.089198779e-01 -6.730125135e-01
1.015560000e+00 5.077800000e-05 1.411362694e-03 1.931214987e-01 4.695948410e-01
1.054620000e+00 5.273100000e-05 2.680547272e-02 9.389765790e-01 9.894854386e-01
1.093680000e+00 5.468400000e-05 5.769817358e-02 4.394844936e-01 1.972467080e-01
1.132740000e+00 5.663700000e-05 5.311683886e-02 -6.429115155e-01 -8.565554377e-01
1.171800000e+00 5.859000000e-05 1.913545469e-02 -8.727106510e-01 -7.745030602e-01
1.210860000e+00 6.054300000e-05 8.191689018e-04 5.485684644e-02 3.345964475e-01
1.249920000e+00 6.249600000e-05 2.245792821e-02 9.096361825e-01 9.999968417e-01
1.288980000e+00 6.444900000e-05 5.535265184e-02 5.580058772e-01 3.393290262e-01
1.328040000e+00 6.640200000e-05 5.587652101e-02 -5.336916672e-01 -7.713136448e-01
1.367100000e+00 6.835500000e-05 2.333372146e-02 -9.176214105e-01 -8.591385813e-01
1.406160000e+00 7.030800000e-05 8.822473374e-04 -8.460575766e-02 1.923164408e-01
1.445220000e+00 7.226100000e-05 1.829686056e-02 8.605955983e-01 9.887459391e-01
1.484280000e+00 7.421400000e-05 5.248119547e-02 6.644392336e-01 4.740267390e-01
1.523340000e+00 7.616700000e-05 5.809862911e-02 -4.129261598e-01 -6.692862356e-01
1.562400000e+00 7.812000000e-05 2.769859937e-02 -9.426751131e-01 -9.250772068e-01
1.601460000e+00 8.007300000e-05 1.597709303e-03 -2.222425799e-01 4.585117181e-02
1.640520000e+00 8.202600000e-05 1.441099708e-02 7.929204519e-01 9.559775771e-01
1.679580000e+00 8.397900000e-05 4.914477535e-02 7.564857115e-01 5.984085044e-01
1.718640000e+00 8.593200000e-05 5.973400796e-02 -2.832255500e-01 -5.526935687e-01
1.757700000e+00 8.788500000e-05 3.213467287e-02 -9.473263002e-01 -9.708839558e-01
1.796760000e+00 8.983800000e-05 2.949246523e-03 -3.550712634e-01 -1.016119276e-01
1.835820000e+00 9.179100000e-05 1.088373009e-02 7.080789453e-01 9.024048731e-01
1.874880000e+00 9.374400000e-05 4.541497181e-02 8.321534986e-01 7.097674799e-01
1.913940000e+00 9.569700000e-05 6.074668932e-02 -1.473964085e-01 -4.240729774e-01
1.953000000e+00 9.765000000e-05 3.654541321e-02 -9.314722861e-01 -9.955619646e-01
1.992060000e+00 9.960300000e-05 4.907157586e-03 -4.802154399e-01 -2.468637102e-01
2.031120000e+00 1.015560000e-04 7.791021620e-03 6.079076053e-01 8.291936963e-01
2.070180000e+00 1.035090000e-04 4.137217674e-02 8.898070472e-01 8.056802297e-01
2.109240000e+00 1.054620000e-04 6.111444507e-02 -8.377870877e-03 -2.862235511e-01
2.148300000e+00 1.074150000e-04 4.083506897e-02 -8.954557954e-01 -9.985741811e-01
2.187360000e+00 1.093680000e-04 7.428819609e-03 -5.949657144e-01 -3.867431523e-01
2.226420000e+00 1.113210000e-04 5.199604363e-03 4.945768043e-01 7.379372959e-01
2.265480000e+00 1.132740000e-04 3.710371471e-02 9.281979192e-01 8.840594646e-01
2.304540000e+00 1.152270000e-04 6.082914568e-02 1.308214093e-01 -1.421452208e-01
2.343600000e+00 1.171800000e-04 4.491063152e-02 -8.400563972e-01 -9.798550524e-01
2.382660000e+00 1.191330000e-04 1.045951244e-02 -6.968366299e-01 -5.182061451e-01
2.421720000e+00 1.210860000e-04 3.165455940e-03 3.705389867e-01 6.306216276e-01
2.460780000e+00 1.230390000e-04 3.270187860e-02 9.464955047e-01 9.431994664e-01
2.499840000e+00 1.249920000e-04 5.989687323e-02 2.671882908e-01 5.026527079e-03
2.538900000e+00 1.269450000e-04 4.868379370e-02 -7.664721157e-01 -9.398119511e-01
2.577960000e+00 1.288980000e-04 1.393355584e-02 -7.836240142e-01 -6.383917417e-01
2.617020000e+00 1.308510000e-04 1.732544326e-03 2.384798828e-01 5.095821354e-01
2.656080000e+00 1.328040000e-04 2.826189537e-02 9.443044431e-01 9.818132083e-01
2.695140000e+00 1.347570000e-04 5.833775640e-02 3.977708403e-01 1.520888858e-01
2.734200000e+00 1.367100000e-04 5.207283106e-02 -6.762966932e-01 -8.793163102e-01
2.773260000e+00 1.386630000e-04 1.777570386e-02 -8.534479522e-01 -7.446844182e-01
2.812320000e+00 1.406160000e-04 9.318475378e-04 1.012585699e-01 3.774529259e-01
2.851380000e+00 1.425690000e-04 2.387984265e-02 9.216719972e-01 9.990603635e-01
2.890440000e+00 1.445220000e-04 5.618551326e-02 5.197432067e-01 2.958414292e-01
2.929500000e+00 1.464750000e-04 5.500435076e-02 -5.714812557e-01 -7.996846585e-01
2.968560000e+00 1.484280000e-04 2.190276009e-02 -9.047975716e-01 -8.347709935e-01
3.007620000e+00 1.503810000e-04 7.806738969e-04 -3.815480192e-02 2.371094445e-01
3.046680000e+00 1.523340000e-04 1.965055630e-02 8.790876913e-01 9.945655929e-01
3.085740000e+00 1.542870000e-04 5.348671139e-02 6.304645384e-01 4.331557606e-01
3.124800000e+00 1.562400000e-04 5.741487836e-02 -4.542956132e-01 -7.026499698e-01
3.163860000e+00 1.581930000e-04 2.622536859e-02 -9.365613884e-01 -9.066909699e-01
3.202920000e+00 1.601460000e-04 1.282280643e-03 -1.767423634e-01 9.160589861e-02
3.241980000e+00 1.620990000e-04 1.566557275e-02 8.174739767e-01 9.684267135e-01
3.281040000e+00 1.640520000e-04 5.029976120e-02 7.275378940e-01 5.610435942e-01
3.320100000e+00 1.660050000e-04 5.925221978e-02 -3.272753494e-01 -5.903239494e-01
3.359160000e+00 1.679580000e-04 3.064994654e-02 -9.480512020e-01 -9.588791979e-01
3.398220000e+00 1.699110000e-04 2.425798421e-03 -3.115038692e-01 -5.589120917e-02
3.437280000e+00 1.718640000e-04 1.201114541e-02 7.381645474e-01 9.212125693e-01
3.476340000e+00 1.738170000e-04 4.669363859e-02 8.088623154e-01 6.767217870e-01
3.515400000e+00 1.757700000e-04 6.047659174e-02 -1.931707398e-01 -4.651510781e-01
3.554460000e+00 1.777230000e-04 3.508070669e-02 -9.390185539e-01 -9.901999377e-01
3.593520000e+00 1.796760000e-04 4.186463854e-03 -4.395221069e-01 -2.021719915e-01
3.632580000e+00 1.816290000e-04 8.766372234e-03 6.428756853e-01 8.539506522e-01
3.671640000e+00 1.835820000e-04 4.274639931e-02 8.726774937e-01 7.776729069e-01
3.710700000e+00 1.855350000e-04 6.106148424e-02 -5.488486030e-02 -3.298554149e-01
3.749760000e+00 1.874880000e-04 3.942172908e-02 -9.096594133e-01 -9.999715757e-01
3.788820000e+00 1.894410000e-04 6.526157628e-03 -5.580264286e-01 -3.440530313e-01
3.827880000e+00 1.913940000e-04 6.001486930e-03 5.336709880e-01 7.681047413e-01
3.866940000e+00 1.933470000e-04 3.854348158e-02 9.176013341e-01 8.617000178e-01
3.906000000e+00 1.953000000e-04 6.099423019e-02 8.458909135e-02 -1.873813146e-01
3.945060000e+00 1.972530000e-04 4.357903716e-02 -8.606087531e-01 -9.879814578e-01
3.984120000e+00 1.992060000e-04 9.394227107e-03 -6.644508711e-01 -4.784466602e-01
4.023180000e+00 2.011590000e-04 3.776333353e-03 4.129136910e-01 6.655430474e-01
4.062240000e+00 2.031120000e-04 3.417586012e-02 9.426621027e-01 9.269744902e-01
4.101300000e+00 2.050650000e-04 6.027627967e-02 2.222318718e-01 -4.082935198e-02
4.140360000e+00 2.070180000e-04 4.746263304e-02 -7.929283023e-01 -9.544905175e-01
4.179420000e+00 2.089710000e-04 1.272858015e-02 -7.564922050e-01 -6.024281537e-01
4.218480000e+00 2.109240000e-04 2.139075486e-03 2.832178267e-01 5.484975564e-01
4.257540000e+00 2.128770000e-04 2.973807595e-02 9.473172502e-01 9.720757966e-01
4.296600000e+00 2.148300000e-04 5.892316973e-02 3.550636598e-01 1.066111543e-01
4.335660000e+00 2.167830000e-04 5.098844297e-02 -7.080839394e-01 -9.002275971e-01
4.374720000e+00 2.187360000e-04 1.645703399e-02 -8.321574855e-01 -7.132993801e-01
4.413780000e+00 2.206890000e-04 1.125149340e-03 1.473914627e-01 4.195154562e-01
4.452840000e+00 2.226420000e-04 2.532618830e-02 9.314655192e-01 9.960224256e-01
4.491900000e+00 2.245950000e-04 5.696418669e-02 4.802095568e-01 2.517315487e-01
4.530960000e+00 2.265480000e-04 5.408013906e-02 -6.079111582e-01 -8.263735866e-01
4.570020000e+00 2.285010000e-04 2.049887336e-02 -8.898094349e-01 -8.086475183e-01
4.609080000e+00 2.304540000e-04 7.564975453e-04 8.374535533e-03 2.814037036e-01
4.648140000e+00 2.324070000e-04 2.103569599e-02 8.954503466e-01 9.982932416e-01
4.687200000e+00 2.343600000e-04 5.444173005e-02 5.949606952e-01 3.913736668e-01
4.726260000e+00 2.363130000e-04 5.667079108e-02 -4.945796354e-01 -7.345357247e-01
4.765320000e+00 2.382660000e-04 2.476659980e-02 -9.281994676e-01 -8.863975665e-01
4.804380000e+00 2.402190000e-04 1.041095823e-03 -1.308237649e-01 1.371679383e-01
4.843440000e+00 2.421720000e-04 1.695947090e-02 8.400517200e-01 9.788388262e-01
4.882500000e+00 2.441250000e-04 5.141040009e-02 6.968320453e-01 5.224985647e-01
4.921560000e+00 2.460780000e-04 5.870431545e-02 -3.705415872e-01 -6.267126214e-01
4.960620000e+00 2.480310000e-04 2.916782581e-02 -9.464967271e-01 -9.448574988e-01
4.999680000e+00 2.499840000e-04 1.972779181e-03 -2.671901109e-01 -1.005292716e-02
5.038740000e+00 2.519370000e-04 1.318574661e-02 7.664682174e-01 9.380825537e-01
5.077800000e+00 2.538900000e-04 4.793581121e-02 7.836196250e-01 6.422526532e-01
5.116860000e+00 2.558430000e-04 6.013668667e-02 -2.384823594e-01 -5.052507632e-01
5.155920000e+00 2.577960000e-04 3.360727365e-02 -9.443054236e-01 -9.827550885e-01
5.194980000e+00 2.597490000e-04 3.531374361e-03 -3.977723458e-01 -1.570550170e-01
5.234040000e+00 2.617020000e-04 9.796207639e-03 6.762931100e-01 8.769113775e-01
5.273100000e+00 2.636550000e-04 4.409317412e-02 8.534437430e-01 7.480297989e-01
5.312160000e+00 2.656080000e-04 6.093689478e-02 -1.012610283e-01 -3.727934488e-01
5.351220000e+00 2.675610000e-04 3.798883824e-02 -9.216727840e-01 -9.992655940e-01
5.390280000e+00 2.695140000e-04 5.683138063e-03 -5.197442328e-01 -3.006392168e-01
5.429340000e+00 2.714670000e-04 6.864224138e-03 5.714782946e-01 7.966565275e-01
5.468400000e+00 2.734200000e-04 3.996566546e-02 9.047934422e-01 8.375280400e-01
5.507460000e+00 2.753730000e-04 6.108761439e-02 3.815224794e-02 -2.322232638e-01
5.546520000e+00 2.773260000e-04 4.221766822e-02 -8.790885479e-01 -9.940297074e-01
5.585580000e+00 2.792790000e-04 8.381488100e-03 -6.304653366e-01 -4.376807933e-01
5.624640000e+00 2.812320000e-04 4.453259143e-03 4.542928029e-01 6.990645398e-01
5.663700000e+00 2.831850000e-04 3.564263000e-02 9.365573370e-01 9.087996824e-01
5.702760000e+00 2.851380000e-04 6.058557885e-02 1.767396322e-01 -8.659934910e-02
5.741820000e+00 2.870910000e-04 4.620221860e-02 -8.174749110e-01 -9.671613740e-01
5.780880000e+00 2.890440000e-04 1.156800831e-02 -7.275385112e-01 -5.651973965e-01
5.819940000e+00 2.909970000e-04 2.615499732e-03 3.272729882e-01 5.862592479e-01
5.859000000e+00 2.929500000e-04 3.121764443e-02 9.480473161e-01 9.602936857e-01
5.898060000e+00 2.949030000e-04 5.944165225e-02 3.115009046e-01 6.090917303e-02
5.937120000e+00 2.968560000e-04 4.985623149e-02 -7.381655045e-01 -9.192453127e-01
5.976180000e+00 2.988090000e-04 1.517371698e-02 -8.088628290e-01 -6.804139624e-01
6.015240000e+00 3.007620000e-04 1.390724224e-03 1.931688967e-01 4.606955626e-01
6.054300000e+00 3.027150000e-04 2.678649228e-02 9.390148870e-01 9.908894182e-01
6.093360000e+00 3.046680000e-04 5.768059431e-02 4.395190788e-01 2.070921669e-01
6.132420000e+00 3.066210000e-04 5.310060583e-02 -6.428768466e-01 -8.513242907e-01
6.171480000e+00 3.085740000e-04 1.912055700e-02 -8.726777184e-01 -7.808231048e-01
6.210540000e+00 3.105270000e-04 8.054405385e-04 5.488337491e-02 3.251060481e-01
6.249600000e+00 3.124800000e-04 2.244509093e-02 9.096558014e-01 9.999210442e-01
6.288660000e+00 3.144330000e-04 5.534052207e-02 5.580233036e-01 3.487683436e-01
6.327720000e+00 3.163860000e-04 5.586510627e-02 -5.336722095e-01 -7.648764307e-01
6.366780000e+00 3.183390000e-04 2.332308799e-02 -9.176016700e-01 -8.642396824e-01
6.405840000e+00 3.202920000e-04 8.723146864e-04 -8.459027248e-02 1.824414539e-01
6.444900000e+00 3.222450000e-04 1.828741527e-02 8.606053823e-01 9.871920140e-01
6.483960000e+00 3.241980000e-04 5.247208714e-02 6.644475789e-01 4.828544929e-01
6.523020000e+00 3.261510000e-04 5.808988775e-02 -4.129150935e-01 -6.617830434e-01
6.562080000e+00 3.281040000e-04 2.769033427e-02 -9.426623987e-01 -9.288483525e-01
6.601140000e+00 3.300570000e-04 1.589895799e-03 -2.222328410e-01 3.580650055e-02
6.640200000e+00 3.320100000e-04 1.440346252e-02 7.929252928e-01 9.529793415e-01
6.679260000e+00 3.339630000e-04 4.913738024e-02 7.564888665e-01 6.064325819e-01
6.718320000e+00 3.359160000e-04 5.972678586e-02 -2.832194665e-01 -5.442876857e-01
6.757380000e+00 3.378690000e-04 3.212775450e-02 -9.473173980e-01 -9.732430768e-01
6.796440000e+00 3.398220000e-04 2.942646742e-03 -3.550645694e-01 -1.116076873e-01
6.835500000e+00 3.417750000e-04 1.087730501e-02 7.080810258e-01 8.980275758e-01
6.874560000e+00 3.437280000e-04 4.540858357e-02 8.321541209e-01 7.168132581e-01
6.913620000e+00 3.456810000e-04 6.074036345e-02 -1.473932086e-01 -4.149473356e-01
6.952680000e+00 3.476340000e-04 3.653928873e-02 -9.314658027e-01 -9.964577209e-01
6.991740000e+00 3.495870000e-04 4.901280526e-03 -4.802102440e-01 -2.565930269e-01
7.030800000e+00 3.515400000e-04 7.785270370e-03 6.079087349e-01 8.235325976e-01
7.069860000e+00 3.534930000e-04 4.136641146e-02 8.898059719e-01 8.115943756e-01
7.108920000e+00 3.554460000e-04 6.110867732e-02 -8.376445862e-03 -2.765767462e-01
7.147980000e+00 3.573990000e-04 4.082943761e-02 -8.954507323e-01 -9.979870790e-01
7.187040000e+00 3.593520000e-04 7.423395976e-03 -5.949609792e-01 -3.959942929e-01
7.226100000e+00 3.613050000e-04 5.194287852e-03 4.945772929e-01 7.311155947e-01
7.265160000e+00 3.632580000e-04 3.709836176e-02 9.281960710e-01 8.887132725e-01
7.304220000e+00 3.652110000e-04 6.082375149e-02 1.308216499e-01 -1.321871900e-01
7.343280000e+00 3.671640000e-04 4.490532916e-02 -8.400520829e-01 -9.777978685e-01
7.382340000e+00 3.691170000e-04 1.045439374e-02 -6.968323955e-01 -5.267777828e-01
7.421400000e+00 3.710700000e-04 3.160441482e-03 3.705395623e-01 6.227877805e-01
7.460460000e+00 3.730230000e-04 3.269682144e-02 9.464934712e-01 9.464916584e-01
7.499520000e+00 3.749760000e-04 5.989175074e-02 2.671877386e-01 1.507907324e-02
7.538580000e+00 3.769290000e-04 4.867872951e-02 -7.664687495e-01 -9.363294547e-01
7.577640000e+00 3.788820000e-04 1.392865847e-02 -7.836196660e-01 -6.460973374e-01
7.616700000e+00 3.808350000e-04 1.727755242e-03 2.384808037e-01 5.009066254e-01
7.655760000e+00 3.827880000e-04 2.825706762e-02 9.443021677e-01 9.836721383e-01
7.694820000e+00 3.847410000e-04 5.833284785e-02 3.977698652e-01 1.620171801e-01
7.733880000e+00 3.866940000e-04 5.206795365e-02 -6.762937814e-01 -8.744842887e-01
7.772940000e+00 3.886470000e-04 1.777097989e-02 -8.534438036e-01 -7.513562798e-01
7.812000000e+00 3.906000000e-04 9.272386527e-04 1.012598161e-01 3.681245527e-01
7.851060000e+00 3.925530000e-04 2.387520472e-02 9.216696536e-01 9.994455769e-01
7.890120000e+00 3.945060000e-04 5.618078527e-02 5.197416140e-01 3.054294084e-01
7.929180000e+00 3.964590000e-04 5.499963151e-02 -5.714790950e-01 -7.936082681e-01
7.968240000e+00 3.984120000e-04 2.189818043e-02 -9.047934809e-01 -8.402639255e-01
8.007300000e+00 4.003650000e-04 7.762173426e-04 -3.815318103e-02 2.273312156e-01
8.046360000e+00 4.023180000e-04 1.964608382e-02 8.790857180e-01 9.934687065e-01
8.085420000e+00 4.042710000e-04 5.348214501e-02 6.304625221e-01 4.421947675e-01
8.124480000e+00 4.062240000e-04 5.741029949e-02 -4.542937694e-01 -6.954614472e-01
8.163540000e+00 4.081770000e-04 2.622091571e-02 -9.365571971e-01 -9.108854330e-01
8.202600000e+00 4.101300000e-04 1.277957859e-03 -1.767403355e-01 8.159061157e-02
8.241660000e+00 4.120830000e-04 1.566124954e-02 8.174721765e-01 9.658715982e-01
8.280720000e+00 4.140360000e-04 5.029534285e-02 7.275356608e-01 5.693369185e-01
8.319780000e+00 4.159890000e-04 5.924777054e-02 -3.272742234e-01 -5.821797339e-01
8.358840000e+00 4.179420000e-04 3.064560884e-02 -9.480472616e-01 -9.616839106e-01
8.397900000e+00 4.198950000e-04 2.421596340e-03 -3.115015477e-01 -6.592559795e-02
8.436960000e+00 4.218480000e-04 1.200695887e-02 7.381629810e-01 9.172548304e-01
8.476020000e+00 4.238010000e-04 4.668936004e-02 8.088598743e-01 6.840889463e-01
8.515080000e+00 4.257540000e-04 6.047226605e-02 -1.931702434e-01 -4.562284072e-01
8.554140000e+00 4.277070000e-04 3.507647586e-02 -9.390149070e-01 -9.915538628e-01
8.593200000e+00 4.296600000e-04 4.182373145e-03 -4.395195851e-01 -2.120071099e-01
8.632260000e+00 4.316130000e-04 8.762313349e-03 6.428746296e-01 8.486764196e-01
8.671320000e+00 4.335660000e-04 4.274225316e-02 8.726747637e-01 7.839535743e-01
8.710380000e+00 4.355190000e-04 6.105727749e-02 -5.488487768e-02 -3.203484671e-01
8.749440000e+00 4.374720000e-04 3.941759945e-02 -9.096558239e-01 -9.998452486e-01
8.788500000e+00 4.394250000e-04 6.522170154e-03 -5.580233932e-01 -3.534748438e-01
8.827560000e+00 4.413780000e-04 5.997546887e-03 5.336702180e-01 7.616287947e-01
8.866620000e+00 4.433310000e-04 3.853946231e-02 9.175987555e-01 8.667575111e-01
8.905680000e+00 4.452840000e-04 6.099013879e-02 8.458858154e-02 -1.774969837e-01
8.944740000e+00 4.472370000e-04 4.357500475e-02 -8.606055062e-01 -9.863776277e-01
8.983800000e+00 4.491900000e-04 9.390335582e-03 -6.644477186e-01 -4.872501257e-01
9.022860000e+00 4.511430000e-04 3.772505641e-03 4.129133087e-01 6.580063188e-01
9.061920000e+00 4.530960000e-04 3.417196277e-02 9.426594825e-01 9.306987463e-01
9.100980000e+00 4.550490000e-04 6.027230075e-02 2.222309199e-01 -3.078274443e-02
9.140040000e+00 4.570020000e-04 4.745869413e-02 -7.929255599e-01 -9.514440875e-01
9.179100000e+00 4.589550000e-04 1.272477936e-02 -7.564887075e-01 -6.104216880e-01
9.218160000e+00 4.609080000e-04 2.135352817e-03 2.832180623e-01 5.400640630e-01
9.257220000e+00 4.628610000e-04 2.973429530e-02 9.473145418e-01 9.743857670e-01
9.296280000e+00 4.648140000e-04 5.891930041e-02 3.550624574e-01 1.166014004e-01
9.335340000e+00 4.667670000e-04 5.098459531e-02 -7.080813645e-01 -8.958048648e-01
9.374400000e+00 4.687200000e-04 1.645331854e-02 -8.321540369e-01 -7.203090249e-01
9.413460000e+00 4.706730000e-04 1.121524927e-03 1.473921690e-01 4.103687309e-01
9.452520000e+00 4.726260000e-04 2.532251958e-02 9.314630922e-01 9.968678396e-01
9.491580000e+00 4.745790000e-04 5.696042398e-02 4.802080072e-01 2.614480219e-01
9.530640000e+00 4.765320000e-04 5.407638053e-02 -6.079092564e-01 -8.206708012e-01
9.569700000e+00 4.784850000e-04 2.049523901e-02 -8.898057215e-01 -8.145207271e-01
9.608760000e+00 4.804380000e-04 7.529654740e-04 8.375667011e-03 2.717428007e-01
9.647820000e+00 4.823910000e-04 2.103213478e-02 8.954482062e-01 9.976557011e-01
9.686880000e+00 4.843440000e-04 5.443807244e-02 5.949586296e-01 4.006049137e-01
9.725940000e+00 4.862970000e-04 5.666712032e-02 -4.945779832e-01 -7.276769923e-01
9.765000000e+00 4.882500000e-04 2.476304309e-02 -9.281958034e-01 -8.910065242e-01
9.804060000e+00 4.902030000e-04 1.037650487e-03 -1.308221945e-01 1.272031020e-01
9.843120000e+00 4.921560000e-04 1.695601226e-02 8.400496326e-01 9.767322057e-01
9.882180000e+00 4.941090000e-04 5.140684505e-02 6.968299517e-01 5.310436913e-01
9.921240000e+00 4.960620000e-04 5.870073055e-02 -3.705404532e-01 -6.188472042e-01
9.960300000e+00 4.980150000e-04 2.916434329e-02 -9.464932715e-01 -9.481019037e-01
9.999360000e+00 4.999680000e-04 1.969415308e-03 -2.671881762e-01 -2.010483833e-02
1.003842000e+01 5.019210000e-04 1.318238562e-02 7.664666060e-01 9.345526982e-01
1.007748000e+01 5.038740000e-04 4.793235664e-02 7.836171161e-01 6.499256973e-01
1.011654000e+01 5.058270000e-04 6.013318733e-02 -2.384818541e-01 -4.965498315e-01
1.015560000e+01 5.077800000e-04 3.360386268e-02 -9.443019656e-01 -9.845643345e-01
1.019466000e+01 5.097330000e-04 3.528087539e-03 -3.977702145e-01 -1.669752496e-01
1.023372000e+01 5.116860000e-04 9.792940004e-03 6.762917469e-01 8.720351050e-01
1.027278000e+01 5.136390000e-04 4.408981724e-02 8.534412185e-01 7.546637768e-01
1.031184000e+01 5.155920000e-04 6.093348047e-02 -1.012610036e-01 -3.634463555e-01
1.035090000e+01 5.175450000e-04 3.798549695e-02 -9.216694593e-01 -9.996003077e-01
1.038996000e+01 5.194980000e-04 5.679924141e-03 -5.197417049e-01 -3.102118829e-01
1.042902000e+01 5.214510000e-04 6.861044504e-03 5.714774117e-01 7.905399572e-01
1.046808000e+01 5.234040000e-04 3.996240415e-02 9.047909128e-01 8.429785807e-01
1.050714000e+01 5.253570000e-04 6.108428433e-02 3.815181937e-02 -2.224334237e-01
1.054620000e+01 5.273100000e-04 4.221439471e-02 -8.790856601e-01 -9.928826046e-01
1.058526000e+01 5.292630000e-04 8.378342177e-03 -6.304624728e-01 -4.466975691e-01
1.062432000e+01 5.312160000e-04 4.450163365e-03 4.542921571e-01 6.918407829e-01
1.066338000e+01 5.331690000e-04 3.563946127e-02 9.365546172e-01 9.129481690e-01
1.070244000e+01 5.351220000e-04 6.058233233e-02 1.767387741e-01 -7.657981255e-02
1.074150000e+01 5.370750000e-04 4.619901137e-02 -8.174722176e-01 -9.645574185e-01
1.078056000e+01 5.390280000e-04 1.156492722e-02 -7.275355205e-01 -5.734620556e-01
1.081962000e+01 5.409810000e-04 2.612483092e-03 3.272729190e-01 5.780855105e-01
1.085868000e+01 5.429340000e-04 3.121456525e-02 9.480447339e-01 9.630498374e-01
1.089774000e+01 5.448870000e-04 5.943848836e-02 3.114997482e-01 7.094035719e-02
1.093680000e+01 5.468400000e-04 4.985309001e-02 -7.381631493e-01 -9.152411726e-01
1.097586000e+01 5.487930000e-04 1.517069686e-02 -8.088596533e-01 -6.877466460e-01
1.101492000e+01 5.507460000e-04 1.387781551e-03 1.931693179e-01 4.517497246e-01
1.105398000e+01 5.526990000e-04 2.678349988e-02 9.390125502e-01 9.921932547e-01
1.109304000e+01 5.546520000e-04 5.767751154e-02 4.395176899e-01 2.169166963e-01
1.113210000e+01 5.566050000e-04 5.309752886e-02 -6.428749578e-01 -8.460071057e-01
1.117116000e+01 5.585580000e-04 1.911759536e-02 -8.726743590e-01 -7.870642364e-01
1.121022000e+01 5.605110000e-04 8.025673561e-04 5.488420327e-02 3.155827921e-01
1.124928000e+01 5.624640000e-04 2.244218207e-02 9.096534968e-01 9.997441908e-01
1.128834000e+01 5.644170000e-04 5.533751977e-02 5.580213976e-01 3.581724131e-01
1.132740000e+01 5.663700000e-04 5.586209404e-02 -5.336706882e-01 -7.583619153e-01
1.136646000e+01 5.683230000e-04 2.332018207e-02 -9.175984496e-01 -8.692534402e-01
1.140552000e+01 5.702760000e-04 8.695067815e-04 -8.458902965e-02 1.725480287e-01
1.144458000e+01 5.722290000e-04 1.828458629e-02 8.606032985e-01 9.855383194e-01
1.148364000e+01 5.741820000e-04 5.246916462e-02 6.644455818e-01 4.916334476e-01
1.152270000e+01 5.761350000e-04 5.808693927e-02 -4.129139106e-01 -6.542129689e-01
1.156176000e+01 5.780880000e-04 2.768748186e-02 -9.426591409e-01 -9.325256251e-01
1.160082000e+01 5.800410000e-04 1.587149081e-03 -2.222312148e-01 2.575821054e-02
1.163988000e+01 5.819940000e-04 1.440071026e-02 7.929236411e-01 9.498847941e-01
1.167894000e+01 5.839470000e-04 4.913453588e-02 7.564865015e-01 6.143953710e-01
1.171800000e+01 5.859000000e-04 5.972390138e-02 -2.832188868e-01 -5.358267950e-01
