0.000000000e+00 0.000000000e+00 0.000000000e+00 0.000000000e+00 0.000000000e+00 -3.404394822e-17 -3.989863995e-18 1.000000000e+00 -1.502704211e-17
2.778000000e-01 1.389000000e-04 8.716269750e-02 3.531727157e-02 2.055058975e-03 2.651782843e-04 2.401782357e-04 1.000119249e+00 1.821875738e-04
5.556000000e-01 2.778000000e-04 1.736619282e-01 1.441723869e-01 6.753848426e-03 1.108959117e-03 8.781112570e-04 1.000435237e+00 8.879226535e-04
8.334000000e-01 4.167000000e-04 2.588392753e-01 3.255788903e-01 1.457140985e-02 4.187432097e-03 3.164578696e-03 1.001572336e+00 2.532590153e-03
1.111200000e+00 5.556000000e-04 3.420463844e-01 5.780339052e-01 2.457275449e-02 1.135776130e-02 8.534793711e-03 1.004242880e+00 6.425952472e-03
1.389000000e+00 6.945000000e-04 4.226498976e-01 8.992698013e-01 3.520427001e-02 2.306872523e-02 1.742546093e-02 1.008651613e+00 1.541709830e-02
1.666800000e+00 8.334000000e-04 5.000362755e-01 1.286137118e+00 4.453968695e-02 3.693222605e-02 2.808009011e-02 1.013910072e+00 3.138713746e-02
1.944600000e+00 9.723000000e-04 5.736164670e-01 1.735099304e+00 5.150302137e-02 4.948518315e-02 3.774459912e-02 1.018654051e+00 5.139249758e-02
2.222400000e+00 1.111200000e-03 6.428303927e-01 2.242787747e+00 5.636304077e-02 5.934060945e-02 4.522584594e-02 1.022307607e+00 7.102472499e-02
2.500200000e+00 1.250100000e-03 7.071512086e-01 2.805806101e+00 5.988015605e-02 6.700741190e-02 5.088742996e-02 1.025060204e+00 8.870296082e-02
2.778000000e+00 1.389000000e-03 7.660893163e-01 3.420328016e+00 6.261745920e-02 7.328769927e-02 5.537053823e-02 1.027231668e+00 1.046335003e-01
3.055800000e+00 1.527900000e-03 8.191960894e-01 4.081984389e+00 6.487718316e-02 7.866880083e-02 5.907762205e-02 1.029021673e+00 1.191614825e-01
3.333600000e+00 1.666800000e-03 8.660672886e-01 4.785918274e+00 6.679477543e-02 8.336990712e-02 6.220055396e-02 1.030525719e+00 1.323738657e-01
3.611400000e+00 1.805700000e-03 9.063461389e-01 5.526861702e+00 6.841946062e-02 8.746764717e-02 6.481890224e-02 1.031783917e+00 1.441813503e-01
3.889200000e+00 1.944600000e-03 9.397260448e-01 6.299212564e+00 6.979607566e-02 9.097652133e-02 6.696856367e-02 1.032814834e+00 1.544254150e-01
4.167000000e+00 2.083500000e-03 9.659529245e-01 7.097095532e+00 7.092982355e-02 9.388741572e-02 6.867153039e-02 1.033630065e+00 1.629480771e-01
4.444800000e+00 2.222400000e-03 9.848271436e-01 7.914417015e+00 7.182317300e-02 9.617403294e-02 6.993315286e-02 1.034232972e+00 1.695743423e-01
4.722600000e+00 2.361300000e-03 9.962050349e-01 8.744915013e+00 7.247685702e-02 9.781505456e-02 7.075893252e-02 1.034626809e+00 1.741722436e-01
5.000400000e+00 2.500200000e-03 9.999999921e-01 9.582212785e+00 7.289501667e-02 9.880537452e-02 7.115658340e-02 1.034815709e+00 1.766677802e-01
5.278200000e+00 2.639100000e-03 9.961831286e-01 1.041987256e+01 7.308047323e-02 9.914845802e-02 7.112625655e-02 1.034799894e+00 1.770246088e-01
5.556000000e+00 2.778000000e-03 9.847834976e-01 1.125144877e+01 7.303672884e-02 9.885163620e-02 7.067658619e-02 1.034583600e+00 1.752623752e-01
5.833800000e+00 2.916900000e-03 9.658878711e-01 1.207053650e+01 7.276799350e-02 9.793980119e-02 6.981715695e-02 1.034171195e+00 1.714791400e-01
6.111600000e+00 3.055800000e-03 9.396400792e-01 1.287082862e+01 7.227438223e-02 9.642474618e-02 6.855127134e-02 1.033563930e+00 1.657709059e-01
6.389400000e+00 3.194700000e-03 9.062399154e-01 1.364616654e+01 7.155446887e-02 9.432664720e-02 6.688821790e-02 1.032765796e+00 1.582914740e-01
6.667200000e+00 3.333600000e-03 8.659416158e-01 1.439058977e+01 7.060437353e-02 9.165938542e-02 6.483429664e-02 1.031779273e+00 1.491998946e-01
6.945000000e+00 3.472500000e-03 8.190519238e-01 1.509838571e+01 6.941920032e-02 8.843768282e-02 6.239390075e-02 1.030605725e+00 1.386913887e-01
7.222800000e+00 3.611400000e-03 7.659277554e-01 1.576413535e+01 6.799029794e-02 8.468216033e-02 5.958762502e-02 1.029254299e+00 1.270266677e-01
7.500600000e+00 3.750300000e-03 7.069734821e-01 1.638274765e+01 6.630572550e-02 8.038875363e-02 5.641211634e-02 1.027722336e+00 1.144275095e-01
7.778400000e+00 3.889200000e-03 6.426378534e-01 1.694950090e+01 6.435059087e-02 7.557759714e-02 5.288991984e-02 1.026019691e+00 1.012066201e-01
8.056200000e+00 4.028100000e-03 5.734105806e-01 1.746007676e+01 6.210590115e-02 7.025243876e-02 4.902702384e-02 1.024148091e+00 8.764249212e-02
8.334000000e+00 4.167000000e-03 4.998186091e-01 1.791059183e+01 5.954681673e-02 6.444186411e-02 4.484835289e-02 1.022118461e+00 7.407105930e-02
8.611800000e+00 4.305900000e-03 4.224221080e-01 1.829762348e+01 5.664162565e-02 5.817144523e-02 4.036540195e-02 1.019935114e+00 6.080863554e-02
8.889600000e+00 4.444800000e-03 3.418102054e-01 1.861823722e+01 5.334615173e-02 5.147316186e-02 3.560130172e-02 1.017608034e+00 4.819607311e-02
9.167400000e+00 4.583700000e-03 2.585965049e-01 1.887000635e+01 4.960348348e-02 4.439712998e-02 3.059075552e-02 1.015152948e+00 3.658012165e-02
9.445200000e+00 4.722600000e-03 1.734144141e-01 1.905102487e+01 4.533581749e-02 3.700924372e-02 2.537603761e-02 1.012589449e+00 2.628851299e-02
9.723000000e+00 4.861500000e-03 8.691232386e-02 1.915991489e+01 4.043827968e-02 2.941265116e-02 2.002818986e-02 1.009951554e+00 1.763900483e-02
1.000080000e+01 5.000400000e-03 -2.513274096e-04 1.912399917e+01 3.478156663e-02 2.179282398e-02 1.467828159e-02 1.007303403e+00 1.093046425e-02
1.027860000e+01 5.139300000e-03 -8.741306562e-02 1.908661107e+01 2.821957030e-02 1.446602383e-02 9.547467815e-03 1.004754766e+00 6.356398314e-03
1.055640000e+01 5.278200000e-03 -1.739094312e-01 1.897606359e+01 2.082457199e-02 8.033177531e-03 5.058491031e-03 1.002517140e+00 3.957839863e-03
1.083420000e+01 5.417100000e-03 -2.590820294e-01 1.879303026e+01 1.468245443e-02 3.596951966e-03 1.974238342e-03 1.000973809e+00 3.511570891e-03
1.111200000e+01 5.556000000e-03 -3.422825417e-01 1.853870345e+01 1.361781583e-02 3.021638712e-03 1.599947504e-03 1.000780726e+00 4.616633450e-03
1.138980000e+01 5.694900000e-03 -4.228776605e-01 1.821489683e+01 2.153508516e-02 8.790539653e-03 5.742809204e-03 1.002840919e+00 7.757147417e-03
1.166760000e+01 5.833800000e-03 -5.002539104e-01 1.782429639e+01 3.474388637e-02 2.219912433e-02 1.556268313e-02 1.007716859e+00 1.664448363e-02
1.194540000e+01 5.972700000e-03 -5.738223172e-01 1.737076501e+01 4.655984378e-02 3.976331249e-02 2.876044800e-02 1.014234750e+00 3.579793362e-02
1.222320000e+01 6.111600000e-03 -6.430228913e-01 1.685886985e+01 5.471510335e-02 5.512786250e-02 4.049339892e-02 1.019991491e+00 6.077301919e-02
1.250100000e+01 6.250500000e-03 -7.073288904e-01 1.629260720e+01 5.973395375e-02 6.590418079e-02 4.869340391e-02 1.023991184e+00 8.339304866e-02
1.277880000e+01 6.389400000e-03 -7.662508288e-01 1.567562059e+01 6.298571042e-02 7.341199200e-02 5.428109238e-02 1.026703496e+00 1.018066714e-01
1.305660000e+01 6.528300000e-03 -8.193402032e-01 1.501200698e+01 6.536974423e-02 7.916934095e-02 5.843738302e-02 1.028713159e+00 1.173471692e-01
1.333440000e+01 6.667200000e-03 -8.661929068e-01 1.430647449e+01 6.728010043e-02 8.392303105e-02 6.176167097e-02 1.030315527e+00 1.309852070e-01
1.361220000e+01 6.806100000e-03 -9.064523052e-01 1.356421585e+01 6.886640366e-02 8.796054115e-02 6.449971485e-02 1.031632002e+00 1.430376650e-01
1.389000000e+01 6.945000000e-03 -9.398119511e-01 1.279078598e+01 7.018359666e-02 9.135816525e-02 6.672571849e-02 1.032699904e+00 1.534417976e-01
1.416780000e+01 7.083900000e-03 -9.660179168e-01 1.199202404e+01 7.125255499e-02 9.414596843e-02 6.848285480e-02 1.033541259e+00 1.620807272e-01
1.444560000e+01 7.222800000e-03 -9.848707274e-01 1.117399313e+01 7.208731675e-02 9.632420707e-02 6.978513245e-02 1.034163628e+00 1.688147206e-01
1.472340000e+01 7.361700000e-03 -9.962268784e-01 1.034292849e+01 7.268949203e-02 9.789182032e-02 7.064394999e-02 1.034573145e+00 1.735330694e-01
1.500120000e+01 7.500600000e-03 -9.999999289e-01 9.505182892e+00 7.306550868e-02 9.884245469e-02 7.106371139e-02 1.034772367e+00 1.761474598e-01
1.527900000e+01 7.639500000e-03 -9.961611593e-01 8.667173832e+00 7.321650672e-02 9.918189930e-02 7.105697099e-02 1.034767520e+00 1.766623371e-01
1.555680000e+01 7.778400000e-03 -9.847397893e-01 7.835331619e+00 7.314611611e-02 9.891474017e-02 7.063008635e-02 1.034561735e+00 1.750851252e-01
1.583460000e+01 7.917300000e-03 -9.658227566e-01 7.016041194e+00 7.285508994e-02 9.803973089e-02 6.978533850e-02 1.034155949e+00 1.714618131e-01
1.611240000e+01 8.056200000e-03 -9.395540542e-01 6.215593691e+00 7.234213426e-02 9.656647652e-02 6.853038991e-02 1.033553532e+00 1.658980017e-01
1.639020000e+01 8.195100000e-03 -9.061336347e-01 5.440134365e+00 7.160473609e-02 9.450317185e-02 6.687254057e-02 1.032757574e+00 1.585225138e-01
1.666800000e+01 8.334000000e-03 -8.658158883e-01 4.695613131e+00 7.063856417e-02 9.186375565e-02 6.482060097e-02 1.031771697e+00 1.495152442e-01
1.694580000e+01 8.472900000e-03 -8.189077066e-01 3.987735057e+00 6.943775441e-02 8.865936407e-02 6.238533957e-02 1.030600375e+00 1.390838583e-01
1.722360000e+01 8.611800000e-03 -7.657661461e-01 3.321920150e+00 6.799420581e-02 8.489970101e-02 5.957347688e-02 1.029246026e+00 1.274439982e-01
1.750140000e+01 8.750700000e-03 -7.067957110e-01 2.703256923e+00 6.629648313e-02 8.059921540e-02 5.639643135e-02 1.027713165e+00 1.148644081e-01
1.777920000e+01 8.889600000e-03 -6.424452736e-01 2.136464949e+00 6.433015801e-02 7.577774932e-02 5.287273579e-02 1.026009711e+00 1.016457721e-01
1.805700000e+01 9.028500000e-03 -5.732046579e-01 1.625861667e+00 6.207615716e-02 7.045231759e-02 4.901282202e-02 1.024139559e+00 8.808285939e-02
1.833480000e+01 9.167400000e-03 -4.996009111e-01 1.175327548e+00 5.950948066e-02 6.464162131e-02 4.482978470e-02 1.022107833e+00 7.448961701e-02
1.861260000e+01 9.306300000e-03 -4.221942917e-01 7.882776784e-01 5.659611278e-02 5.837205535e-02 4.034395897e-02 1.019923093e+00 6.121472456e-02
1.889040000e+01 9.445200000e-03 -3.415740049e-01 4.676425021e-01 5.329322865e-02 5.167571254e-02 3.557518850e-02 1.017593746e+00 4.858592539e-02
1.916820000e+01 9.584100000e-03 -2.583537181e-01 2.158486629e-01 4.954343941e-02 4.460444843e-02 3.056110509e-02 1.015136964e+00 3.695423832e-02
1.944600000e+01 9.723000000e-03 -1.731668891e-01 3.480143636e-02 4.526743454e-02 3.721900081e-02 2.534285611e-02 1.012571744e+00 2.665182853e-02
1.972380000e+01 9.861900000e-03 -8.666194474e-02 -7.412078804e-02 4.036403323e-02 2.962516105e-02 1.999427858e-02 1.009933472e+00 1.800246189e-02
2.000160000e+01 1.000080000e-02 5.026548034e-04 -3.818257868e-02 3.470487483e-02 2.200329793e-02 1.464163617e-02 1.007283980e+00 1.128543471e-02
2.027940000e+01 1.013970000e-02 8.766342823e-02 -7.970710613e-04 2.813509586e-02 1.468024623e-02 9.513983685e-03 1.004736919e+00 6.709560352e-03
2.055720000e+01 1.027860000e-02 1.741569234e-01 1.097419139e-01 2.073022318e-02 8.247069643e-03 5.024924978e-03 1.002499299e+00 4.298705149e-03
2.083500000e+01 1.041750000e-02 2.593247672e-01 2.927710955e-01 1.457188893e-02 3.815416447e-03 1.947821184e-03 1.000959618e+00 3.834175939e-03
2.111280000e+01 1.055640000e-02 3.425186774e-01 5.470957470e-01 1.352440734e-02 3.243991410e-03 1.583623197e-03 1.000771676e+00 4.916939692e-03
2.139060000e+01 1.069530000e-02 4.231053967e-01 8.708991384e-01 2.150923227e-02 9.028273525e-03 5.751361975e-03 1.002844388e+00 8.038514912e-03
2.166840000e+01 1.083420000e-02 5.004715137e-01 1.261491430e+00 3.472982925e-02 2.244391663e-02 1.558838898e-02 1.007728929e+00 1.692013386e-02
2.194620000e+01 1.097310000e-02 5.740281311e-01 1.714990562e+00 4.654217843e-02 4.000534463e-02 2.879294013e-02 1.014250116e+00 3.609357608e-02
2.222400000e+01 1.111200000e-02 6.432153493e-01 2.226856232e+00 5.469117181e-02 5.534927519e-02 4.051626962e-02 1.020002110e+00 6.105341458e-02
2.250180000e+01 1.125090000e-02 7.075065276e-01 2.793100700e+00 5.970123287e-02 6.609957739e-02 4.870408340e-02 1.023995922e+00 8.362299905e-02
2.277960000e+01 1.138980000e-02 7.664122929e-01 3.410068137e+00 6.294913557e-02 7.359040220e-02 5.428656909e-02 1.026705759e+00 1.020044500e-01
2.305740000e+01 1.152870000e-02 8.194842652e-01 4.073656205e+00 6.533452328e-02 7.934035771e-02 5.844436757e-02 1.028716140e+00 1.175482908e-01
2.333520000e+01 1.166760000e-02 8.663184702e-01 4.779153247e+00 6.724626135e-02 8.408545139e-02 6.176609874e-02 1.030317231e+00 1.311835105e-01
2.361300000e+01 1.180650000e-02 9.065584142e-01 5.521368212e+00 6.883097105e-02 8.811754534e-02 6.450219653e-02 1.031632668e+00 1.432487552e-01
2.389080000e+01 1.194540000e-02 9.398977980e-01 6.294746395e+00 7.014403202e-02 9.151096625e-02 6.672516089e-02 1.032699031e+00 1.536567079e-01
2.416860000e+01 1.208430000e-02 9.660828482e-01 7.093450692e+00 7.121438887e-02 9.429868471e-02 6.847890302e-02 1.033538617e+00 1.623130818e-01
2.444640000e+01 1.222320000e-02 9.849142489e-01 7.911420338e+00 7.204623127e-02 9.647991224e-02 6.977773727e-02 1.034159226e+00 1.690585401e-01
2.472420000e+01 1.236210000e-02 9.962486589e-01 8.742422655e+00 7.264655169e-02 9.805406238e-02 7.063400449e-02 1.034567424e+00 1.737914899e-01
2.500200000e+01 1.250100000e-02 9.999998026e-01 9.580104077e+00 7.302115430e-02 9.902081616e-02 7.105618495e-02 1.034767686e+00 1.764494562e-01
2.527980000e+01 1.263990000e-02 9.961391270e-01 1.041804734e+01 7.317315561e-02 9.937876951e-02 7.105118960e-02 1.034763602e+00 1.769953128e-01
2.555760000e+01 1.277880000e-02 9.846960189e-01 1.124982548e+01 7.310348938e-02 9.912142737e-02 7.061818415e-02 1.034554726e+00 1.754331650e-01
2.583540000e+01 1.291770000e-02 9.657575812e-01 1.206905079e+01 7.281263559e-02 9.826334739e-02 6.977193078e-02 1.034148068e+00 1.718444654e-01
2.611320000e+01 1.305660000e-02 9.394679699e-01 1.286943252e+01 7.230049678e-02 9.681053117e-02 6.851982280e-02 1.033546912e+00 1.663229470e-01
2.639100000e+01 1.319550000e-02 9.060272967e-01 1.364482571e+01 7.156465698e-02 9.476517695e-02 6.686049145e-02 1.032750101e+00 1.589796532e-01
2.666880000e+01 1.333440000e-02 8.656901061e-01 1.438928292e+01 7.060033687e-02 9.213875014e-02 6.480838927e-02 1.031764081e+00 1.499919646e-01
2.694660000e+01 1.347330000e-02 8.187634376e-01 1.509709757e+01 6.940212870e-02 8.894399179e-02 6.237306590e-02 1.030592752e+00 1.395601646e-01
2.722440000e+01 1.361220000e-02 7.656044885e-01 1.576285349e+01 6.796076465e-02 8.518895243e-02 5.956073631e-02 1.029238217e+00 1.279120948e-01
2.750220000e+01 1.375110000e-02 7.066178952e-01 1.638146191e+01 6.626488173e-02 8.089071787e-02 5.638793460e-02 1.027707547e+00 1.153170954e-01
2.778000000e+01 1.389000000e-02 6.422526532e-01 1.694820274e+01 6.430023295e-02 7.606107160e-02 5.286092570e-02 1.026002658e+00 1.020488488e-01
2.805780000e+01 1.402890000e-02 5.729986990e-01 1.745876032e+01 6.204729585e-02 7.072403068e-02 4.900082127e-02 1.024132592e+00 8.844157076e-02
2.833560000e+01 1.416780000e-02 4.993831815e-01 1.790925524e+01 5.948104500e-02 6.489954514e-02 4.481899564e-02 1.022101610e+00 7.481057365e-02
2.861340000e+01 1.430670000e-02 4.219664487e-01 1.829626936e+01 5.657011064e-02 5.861699467e-02 4.033306478e-02 1.019917027e+00 6.148341863e-02
2.889120000e+01 1.444560000e-02 3.413377829e-01 1.861687545e+01 5.327015057e-02 5.190941990e-02 3.556650846e-02 1.017588948e+00 4.881263618e-02
2.916900000e+01 1.458450000e-02 2.581109150e-01 1.886864968e+01 4.952156566e-02 4.482581933e-02 3.055356374e-02 1.015132844e+00 3.714945751e-02
2.944680000e+01 1.472340000e-02 1.729193531e-01 1.904968527e+01 4.524702434e-02 3.742914559e-02 2.533598785e-02 1.012568057e+00 2.681935093e-02
2.972460000e+01 1.486230000e-02 8.641156014e-02 1.915860005e+01 4.034671530e-02 2.982226398e-02 1.998557216e-02 1.009928973e+00 1.814038689e-02
3.000240000e+01 1.500120000e-02 -7.539821654e-04 1.912265980e+01 3.468926474e-02 2.219656389e-02 1.463793473e-02 1.007281996e+00 1.141489094e-02
3.028020000e+01 1.514010000e-02 -8.791378530e-02 1.908528582e+01 2.811948380e-02 1.486154931e-02 9.509564478e-03 1.004734613e+00 6.824483049e-03
3.055800000e+01 1.527900000e-02 -1.744044045e-01 1.897474218e+01 2.071403316e-02 8.419094749e-03 5.022696857e-03 1.002498089e+00 4.406646673e-03
3.083580000e+01 1.541790000e-02 -2.595674885e-01 1.879171046e+01 1.455593644e-02 3.976694283e-03 1.944529555e-03 1.000957884e+00 3.934803114e-03
3.111360000e+01 1.555680000e-02 -3.427547914e-01 1.853738593e+01 1.351843654e-02 3.398499005e-03 1.581792712e-03 1.000770684e+00 5.010827947e-03
3.139140000e+01 1.569570000e-02 -4.233331062e-01 1.821358509e+01 2.150673238e-02 9.179134777e-03 5.752962849e-03 1.002845114e+00 8.129098658e-03
3.166920000e+01 1.583460000e-02 -5.006890853e-01 1.782299545e+01 3.472645429e-02 2.259050241e-02 1.559176316e-02 1.007730544e+00 1.700840314e-02
3.194700000e+01 1.597350000e-02 -5.742339088e-01 1.736949931e+01 4.653591825e-02 4.014584119e-02 2.879620557e-02 1.014251683e+00 3.617890677e-02
3.222480000e+01 1.611240000e-02 -6.434077667e-01 1.685763524e+01 5.468078772e-02 5.548174625e-02 4.051801720e-02 1.020002934e+00 6.113308286e-02
3.250260000e+01 1.625130000e-02 -7.076841200e-01 1.629139144e+01 5.969057793e-02 6.622504657e-02 4.870544077e-02 1.023996556e+00 8.369861602e-02
3.278040000e+01 1.639020000e-02 -7.665737086e-01 1.567442583e+01 6.294003237e-02 7.371211401e-02 5.429201682e-02 1.026708379e+00 1.020891203e-01
3.305820000e+01 1.652910000e-02 -8.196282755e-01 1.501084208e+01 6.532426638e-02 7.944993912e-02 5.844587402e-02 1.028716850e+00 1.176159549e-01
3.333600000e+01 1.666800000e-02 -8.664439789e-01 1.430535093e+01 6.723811136e-02 8.419075709e-02 6.177180770e-02 1.030319954e+00 1.312656979e-01
3.361380000e+01 1.680690000e-02 -9.066644659e-01 1.356314362e+01 6.882220069e-02 8.820993989e-02 6.450246545e-02 1.031632755e+00 1.433087739e-01
3.389160000e+01 1.694580000e-02 -9.399835855e-01 1.278977249e+01 7.013731197e-02 9.159988037e-02 6.672845692e-02 1.032700555e+00 1.537295785e-01
3.416940000e+01 1.708470000e-02 -9.661477186e-01 1.199107329e+01 7.120302166e-02 9.438018025e-02 6.848165557e-02 1.033539921e+00 1.623708756e-01
3.444720000e+01 1.722360000e-02 -9.849577083e-01 1.117310717e+01 7.203248390e-02 9.655517039e-02 6.977934709e-02 1.034160004e+00 1.691037703e-01
3.472500000e+01 1.736250000e-02 -9.962703765e-01 1.034210730e+01 7.263089162e-02 9.812448746e-02 7.063365779e-02 1.034567292e+00 1.738199644e-01
3.500280000e+01 1.750140000e-02 -9.999996131e-01 9.504425146e+00 7.300318832e-02 9.908644994e-02 7.105448983e-02 1.034766999e+00 1.764502926e-01
3.528060000e+01 1.764030000e-02 -9.961170319e-01 8.666477780e+00 7.315396121e-02 9.944080432e-02 7.104887148e-02 1.034762639e+00 1.769877882e-01
3.555840000e+01 1.777920000e-02 -9.846521863e-01 7.834696024e+00 7.308437461e-02 9.918361075e-02 7.061475219e-02 1.034553272e+00 1.754114203e-01
3.583620000e+01 1.791810000e-02 -9.656923448e-01 7.015464468e+00 7.279407658e-02 9.832848384e-02 6.977187339e-02 1.034148301e+00 1.718224139e-01
3.611400000e+01 1.805700000e-02 -9.393818262e-01 6.215074609e+00 7.228195965e-02 9.687099954e-02 6.851441685e-02 1.033544561e+00 1.662818506e-01
3.639180000e+01 1.819590000e-02 -9.059209015e-01 5.439672421e+00 7.154552269e-02 9.482262511e-02 6.685464101e-02 1.032747593e+00 1.589242373e-01
3.666960000e+01 1.833480000e-02 -8.655642692e-01 4.695205926e+00 7.058126710e-02 9.219616138e-02 6.480167927e-02 1.031761169e+00 1.499315743e-01
3.694740000e+01 1.847370000e-02 -8.186191168e-01 3.987379581e+00 6.938226940e-02 8.899966980e-02 6.236526749e-02 1.030589278e+00 1.395031349e-01
3.722520000e+01 1.861260000e-02 -7.654427825e-01 3.321613419e+00 6.794047756e-02 8.524735439e-02 5.955668882e-02 1.029236593e+00 1.278608042e-01
3.750300000e+01 1.875150000e-02 -7.064400348e-01 2.702993900e+00 6.624415886e-02 8.094484579e-02 5.637908377e-02 1.027703572e+00 1.152554825e-01
3.778080000e+01 1.889040000e-02 -6.420599922e-01 2.136241872e+00 6.427878428e-02 7.611533526e-02 5.285415599e-02 1.025999657e+00 1.020005262e-01
3.805860000e+01 1.902930000e-02 -5.727927040e-01 1.625675594e+00 6.202581366e-02 7.077750650e-02 4.899271839e-02 1.024128906e+00 8.839710652e-02
3.833640000e+01 1.916820000e-02 -4.991654204e-01 1.175176477e+00 5.946103227e-02 6.495299879e-02 4.480900388e-02 1.022096994e+00 7.476425227e-02
3.861420000e+01 1.930710000e-02 -4.217385790e-01 7.881582705e-01 5.655036819e-02 5.866913670e-02 4.032336263e-02 1.019912486e+00 6.145170842e-02
3.889200000e+01 1.944600000e-02 -3.411015392e-01 4.675485341e-01 5.325011399e-02 5.196183997e-02 3.555841796e-02 1.017585134e+00 4.879678126e-02
3.916980000e+01 1.958490000e-02 -2.578680956e-01 2.157712309e-01 4.950263781e-02 4.487638306e-02 3.054405923e-02 1.015128311e+00 3.713572976e-02
3.944760000e+01 1.972380000e-02 -1.726718063e-01 3.473132077e-02 4.523036322e-02 3.747865494e-02 2.532629293e-02 1.012563399e+00 2.681137343e-02
3.972540000e+01 1.986270000e-02 -8.616117009e-02 -7.419098758e-02 4.033622316e-02 2.987467046e-02 1.997928901e-02 1.009925945e+00 1.814768842e-02
4.000320000e+01 2.000160000e-02 1.005309480e-03 -3.825137921e-02 3.467884123e-02 2.224543357e-02 1.463045990e-02 1.007278363e+00 1.142248523e-02
4.028100000e+01 2.014050000e-02 8.816413681e-02 -8.675379413e-04 2.810855996e-02 1.491603422e-02 9.507191752e-03 1.004733483e+00 6.841981139e-03
4.055880000e+01 2.027940000e-02 1.746518745e-01 1.096693633e-01 2.070661199e-02 8.473828636e-03 5.019712691e-03 1.002496643e+00 4.426646930e-03
4.083660000e+01 2.041830000e-02 2.598101935e-01 2.926985822e-01 1.455514001e-02 4.033362294e-03 1.944082695e-03 1.000957694e+00 3.957015217e-03
4.111440000e+01 2.055720000e-02 3.429908838e-01 5.470222470e-01 1.351850989e-02 3.456190145e-03 1.582707135e-03 1.000771160e+00 5.035772104e-03
4.139220000e+01 2.069610000e-02 4.235607890e-01 8.708227079e-01 2.150425525e-02 9.240807252e-03 5.756521269e-03 1.002846893e+00 8.158753003e-03
4.167000000e+01 2.083500000e-02 5.009066254e-01 1.261412541e+00 3.472358941e-02 2.265113405e-02 1.559275689e-02 1.007731042e+00 1.703916275e-02
4.194780000e+01 2.097390000e-02 5.744396503e-01 1.714910276e+00 4.653080260e-02 4.020553888e-02 2.879695107e-02 1.014252061e+00 3.620895606e-02
4.222560000e+01 2.111280000e-02 6.436001435e-01 2.226779779e+00 5.467112381e-02 5.553765842e-02 4.051682103e-02 1.020002375e+00 6.115552032e-02
4.250340000e+01 2.125170000e-02 7.078616678e-01 2.793030164e+00 5.968121625e-02 6.627779212e-02 4.870286787e-02 1.023995347e+00 8.371216499e-02
4.278120000e+01 2.139060000e-02 7.667350759e-01 3.410000933e+00 6.293144177e-02 7.376203358e-02 5.428831660e-02 1.026706647e+00 1.020930749e-01
4.305900000e+01 2.152950000e-02 8.197722340e-01 4.073589570e+00 6.531492010e-02 7.949683535e-02 5.844156561e-02 1.028714818e+00 1.176176713e-01
4.333680000e+01 2.166840000e-02 8.665694328e-01 4.779085106e+00 6.722311475e-02 8.423206729e-02 6.176591684e-02 1.030317201e+00 1.312502260e-01
4.361460000e+01 2.180730000e-02 9.067704604e-01 5.521298519e+00 6.881037820e-02 8.824594624e-02 6.449634623e-02 1.031629909e+00 1.432860459e-01
4.389240000e+01 2.194620000e-02 9.400693137e-01 6.294676239e+00 7.012283375e-02 9.162845587e-02 6.672231091e-02 1.032697782e+00 1.536842456e-01
4.417020000e+01 2.208510000e-02 9.662125279e-01 7.093381833e+00 7.118813847e-02 9.440145850e-02 6.847479967e-02 1.033536824e+00 1.623153603e-01
4.444800000e+01 2.222400000e-02 9.850011055e-01 7.911354406e+00 7.201307767e-02 9.657235294e-02 6.977649798e-02 1.034158909e+00 1.690442360e-01
4.472580000e+01 2.236290000e-02 9.962920312e-01 8.742360919e+00 7.260869441e-02 9.813374371e-02 7.063125160e-02 1.034566476e+00 1.737438652e-01
4.500360000e+01 2.250180000e-02 9.999993604e-01 9.580047595e+00 7.297978002e-02 9.908966651e-02 7.105108549e-02 1.034765694e+00 1.763695067e-01
4.528140000e+01 2.264070000e-02 9.960948738e-01 1.041799734e+01 7.312901755e-02 9.943668467e-02 7.104095532e-02 1.034759216e+00 1.768749802e-01
4.555920000e+01 2.277960000e-02 9.846082915e-01 1.124978337e+01 7.305947282e-02 9.917854574e-02 7.061124634e-02 1.034552017e+00 1.753045402e-01
4.583700000e+01 2.291850000e-02 9.656270474e-01 1.206901785e+01 7.276969118e-02 9.831770590e-02 6.976414259e-02 1.034145007e+00 1.716988848e-01
4.611480000e+01 2.305740000e-02 9.392956232e-01 1.286940994e+01 7.225813635e-02 9.685896225e-02 6.850644804e-02 1.033541199e+00 1.661464465e-01
4.639260000e+01 2.319630000e-02 9.058144490e-01 1.364481577e+01 7.152296687e-02 9.481614296e-02 6.684982462e-02 1.032745735e+00 1.588048174e-01
4.667040000e+01 2.333520000e-02 8.654383776e-01 1.438928787e+01 7.055945399e-02 9.218923988e-02 6.479679970e-02 1.031759300e+00 1.498075342e-01
4.694820000e+01 2.347410000e-02 8.184747444e-01 1.509711946e+01 6.936110635e-02 8.899402163e-02 6.236054911e-02 1.030587549e+00 1.393673372e-01
4.722600000e+01 2.361300000e-02 7.652810281e-01 1.576289497e+01 6.791948305e-02 8.523814925e-02 5.954730549e-02 1.029232561e+00 1.277189694e-01
4.750380000e+01 2.375190000e-02 7.062621298e-01 1.638152349e+01 6.622332014e-02 8.093856302e-02 5.637284569e-02 1.027701063e+00 1.151241659e-01
4.778160000e+01 2.389080000e-02 6.418672906e-01 1.694828395e+01 6.425862987e-02 7.611185939e-02 5.284837043e-02 1.025997369e+00 1.018720971e-01
4.805940000e+01 2.402970000e-02 5.725866728e-01 1.745885877e+01 6.200621801e-02 7.077522289e-02 4.898763059e-02 1.024126946e+00 8.827435493e-02
4.833720000e+01 2.416860000e-02 4.989476277e-01 1.790936677e+01 5.944158151e-02 6.494724020e-02 4.480079376e-02 1.022093437e+00 7.464950983e-02
4.861500000e+01 2.430750000e-02 4.215106828e-01 1.829639086e+01 5.653201964e-02 5.866413321e-02 4.031355517e-02 1.019908122e+00 6.134002876e-02
4.889280000e+01 2.444640000e-02 3.408652740e-01 1.861700507e+01 5.323337618e-02 5.196038234e-02 3.555013374e-02 1.017581506e+00 4.869232555e-02
4.917060000e+01 2.458530000e-02 2.576252599e-01 1.886878918e+01 4.948855528e-02 4.487709497e-02 3.053671266e-02 1.015125099e+00 3.704359505e-02
4.944840000e+01 2.472420000e-02 1.724242485e-01 1.904983712e+01 4.522028054e-02 3.748136257e-02 2.531943501e-02 1.012560384e+00 2.673005840e-02
4.972620000e+01 2.486310000e-02 8.591077459e-02 1.915876444e+01 4.032662014e-02 2.988087984e-02 1.997448047e-02 1.009923922e+00 1.807440970e-02
5.000400000e+01 2.500200000e-02 -1.256636731e-03 1.912281305e+01 3.467526417e-02 2.226021875e-02 1.462943699e-02 1.007278152e+00 1.136888322e-02
5.028180000e+01 2.514090000e-02 -8.841448276e-02 1.908544534e+01 2.810978865e-02 1.492923130e-02 9.503342515e-03 1.004731829e+00 6.795247266e-03
5.055960000e+01 2.527980000e-02 -1.748993336e-01 1.897490836e+01 2.071254414e-02 8.487708988e-03 5.017098698e-03 1.002495558e+00 4.389791129e-03
5.083740000e+01 2.541870000e-02 -2.600528820e-01 1.879187768e+01 1.456362216e-02 4.044299792e-03 1.939062543e-03 1.000955371e+00 3.926969400e-03
5.111520000e+01 2.555760000e-02 -3.432269546e-01 1.853755211e+01 1.352458948e-02 3.466209637e-03 1.576989778e-03 1.000768468e+00 5.009751185e-03
5.139300000e+01 2.569650000e-02 -4.237884450e-01 1.821375135e+01 2.150521067e-02 9.257479659e-03 5.755998239e-03 1.002846774e+00 8.138254184e-03
5.167080000e+01 2.583540000e-02 -5.011241337e-01 1.782316153e+01 3.472481888e-02 2.267236826e-02 1.559415964e-02 1.007731860e+00 1.702488724e-02
5.194860000e+01 2.597430000e-02 -5.746453554e-01 1.736966016e+01 4.652845424e-02 4.022591158e-02 2.879626217e-02 1.014251837e+00 3.619420081e-02
5.222640000e+01 2.611320000e-02 -6.437924796e-01 1.685778264e+01 5.466847516e-02 5.555766693e-02 4.051644523e-02 1.020002314e+00 6.113856959e-02
5.250420000e+01 2.625210000e-02 -7.080391708e-01 1.629152504e+01 5.967772832e-02 6.629708806e-02 4.870205757e-02 1.023995075e+00 8.369355414e-02
5.278200000e+01 2.639100000e-02 -7.668963947e-01 1.567454797e+01 6.292842792e-02 7.377972557e-02 5.428661403e-02 1.026705933e+00 1.020730673e-01
5.305980000e+01 2.652990000e-02 -8.199161407e-01 1.501095156e+01 6.530961910e-02 7.951151665e-02 5.843945034e-02 1.028713947e+00 1.175857192e-01
5.333760000e+01 2.666880000e-02 -8.666948320e-01 1.430544447e+01 6.721660264e-02 8.424318424e-02 6.176402160e-02 1.030316455e+00 1.312126592e-01
5.361540000e+01 2.680770000e-02 -9.068763976e-01 1.356321790e+01 6.880079283e-02 8.825105301e-02 6.449391996e-02 1.031628977e+00 1.432281971e-01
5.389320000e+01 2.694660000e-02 -9.401549825e-01 1.278982425e+01 7.011449599e-02 9.162856028e-02 6.672036060e-02 1.032697096e+00 1.536216114e-01
5.417100000e+01 2.708550000e-02 -9.662772762e-01 1.199110119e+01 7.117832797e-02 9.439410820e-02 6.847331188e-02 1.033536450e+00 1.622309863e-01
5.444880000e+01 2.722440000e-02 -9.850444404e-01 1.117311100e+01 7.200231506e-02 9.655801500e-02 6.977502487e-02 1.034158587e+00 1.689465207e-01
5.472660000e+01 2.736330000e-02 -9.963136229e-01 1.034208771e+01 7.259596773e-02 9.811345044e-02 7.062944584e-02 1.034566020e+00 1.736358955e-01
5.500440000e+01 2.750220000e-02 -9.999990446e-01 9.504383187e+00 7.296501180e-02 9.906370771e-02 7.105082390e-02 1.034766079e+00 1.762427542e-01
5.528220000e+01 2.764110000e-02 -9.960726528e-01 8.666414655e+00 7.311408845e-02 9.940411708e-02 7.104050793e-02 1.034759524e+00 1.767420739e-01
5.556000000e+01 2.778000000e-02 -9.845643345e-01 7.834612587e+00 7.304462791e-02 9.914295419e-02 7.061024153e-02 1.034552094e+00 1.751595241e-01
5.583780000e+01 2.791890000e-02 -9.655616890e-01 7.015361012e+00 7.275470682e-02 9.827840567e-02 6.976284399e-02 1.034145003e+00 1.715380012e-01
5.611560000e+01 2.805780000e-02 -9.392093608e-01 6.214950193e+00 7.224330083e-02 9.681748608e-02 6.850529039e-02 1.033541279e+00 1.659819165e-01
5.639340000e+01 2.819670000e-02 -9.057079394e-01 5.439525598e+00 7.150854190e-02 9.477103381e-02 6.684953680e-02 1.032746324e+00 1.586229063e-01
5.667120000e+01 2.833560000e-02 -8.653124314e-01 4.695034749e+00 7.054509785e-02 9.214366761e-02 6.479613167e-02 1.031759727e+00 1.496197547e-01
5.694900000e+01 2.847450000e-02 -8.183303203e-01 3.987182540e+00 6.934644504e-02 8.894645712e-02 6.235812880e-02 1.030587082e+00 1.391832335e-01
5.722680000e+01 2.861340000e-02 -7.651192254e-01 3.321388877e+00 6.790580531e-02 8.519207847e-02 5.954510091e-02 1.029232227e+00 1.275309137e-01
5.750460000e+01 2.875230000e-02 -7.060841801e-01 2.702741778e+00 6.621051756e-02 8.089508102e-02 5.637019136e-02 1.027700476e+00 1.149440975e-01
5.778240000e+01 2.889120000e-02 -6.416745486e-01 2.135962598e+00 6.424676236e-02 7.606875883e-02 5.284403551e-02 1.025995893e+00 1.017036262e-01
5.806020000e+01 2.903010000e-02 -5.723806054e-01 1.625370730e+00 6.199557527e-02 7.073451505e-02 4.898129324e-02 1.024124412e+00 8.812018604e-02
5.833800000e+01 2.916900000e-02 -4.987298036e-01 1.174849241e+00 5.943190119e-02 6.491374103e-02 4.479605172e-02 1.022091650e+00 7.450932073e-02
5.861580000e+01 2.930790000e-02 -4.212827599e-01 7.878129228e-01 5.652346770e-02 5.863474829e-02 4.030952930e-02 1.019906615e+00 6.121916852e-02
5.889360000e+01 2.944680000e-02 -3.406289873e-01 4.671874178e-01 5.322654085e-02 5.193265590e-02 3.554427298e-02 1.017579011e+00 4.858853246e-02
5.917140000e+01 2.958570000e-02 -2.573824080e-01 2.153941146e-01 4.948355902e-02 4.485186630e-02 3.052974593e-02 1.015122010e+00 3.695090435e-02
5.944920000e+01 2.972460000e-02 -1.721766798e-01 3.433795486e-02 4.521773771e-02 3.746333413e-02 2.531688848e-02 1.012559431e+00 2.665505723e-02
5.972700000e+01 2.986350000e-02 -8.566037367e-02 -7.459763826e-02 4.032715032e-02 2.986929315e-02 1.997544599e-02 1.009924646e+00 1.801767786e-02
6.000480000e+01 3.000240000e-02 1.507963902e-03 -3.864899112e-02 3.467202664e-02 2.224387819e-02 1.462603209e-02 1.007276696e+00 1.131112151e-02
6.028260000e+01 3.014130000e-02 8.866482312e-02 -1.274194558e-03 2.810655724e-02 1.491870528e-02 9.503202611e-03 1.004731960e+00 6.748863487e-03
6.056040000e+01 3.028020000e-02 1.751467816e-01 1.092567498e-01 2.071514792e-02 8.481599953e-03 5.017670017e-03 1.002496015e+00 4.351545301e-03
6.083820000e+01 3.041910000e-02 2.602955542e-01 2.922860849e-01 1.457565947e-02 4.043793039e-03 1.942525501e-03 1.000957251e+00 3.894952820e-03
6.111600000e+01 3.055800000e-02 3.434630036e-01 5.466123687e-01 1.353698285e-02 3.470393400e-03 1.582154320e-03 1.000771177e+00 4.983730480e-03
6.139380000e+01 3.069690000e-02 4.240160742e-01 8.704135313e-01 2.151154122e-02 9.264459432e-03 5.759289984e-03 1.002848522e+00 8.119471611e-03
6.167160000e+01 3.083580000e-02 5.013416105e-01 1.261003374e+00 3.472911314e-02 2.268040051e-02 1.559404694e-02 1.007731890e+00 1.701157377e-02
6.194940000e+01 3.097470000e-02 5.748510242e-01 1.714509095e+00 4.652706448e-02 4.023874844e-02 2.879948900e-02 1.014253512e+00 3.618654355e-02
6.222720000e+01 3.111360000e-02 6.439847750e-01 2.226395937e+00 5.466717323e-02 5.557064821e-02 4.051907548e-02 1.020003700e+00 6.112908115e-02
6.250500000e+01 3.125250000e-02 7.082166291e-01 2.792661083e+00 5.967459342e-02 6.630703808e-02 4.870019499e-02 1.023994267e+00 8.367345911e-02
6.278280000e+01 3.139140000e-02 7.670576651e-01 3.409644891e+00 6.292360483e-02 7.378974418e-02 5.428370739e-02 1.026704638e+00 1.020459804e-01
6.306060000e+01 3.153030000e-02 8.200599957e-01 4.073250843e+00 6.530322582e-02 7.952020522e-02 5.843517538e-02 1.028711999e+00 1.175519955e-01
6.333840000e+01 3.166920000e-02 8.668201765e-01 4.778770590e+00 6.720963124e-02 8.424953874e-02 6.175982015e-02 1.030314614e+00 1.311623454e-01
6.361620000e+01 3.180810000e-02 9.069822775e-01 5.521013017e+00 6.879114034e-02 8.825394517e-02 6.448989356e-02 1.031627265e+00 1.431671041e-01
6.389400000e+01 3.194700000e-02 9.402405919e-01 6.294423862e+00 7.010375008e-02 9.162642236e-02 6.671714089e-02 1.032695881e+00 1.535370424e-01
6.417180000e+01 3.208590000e-02 9.663419634e-01 7.093164446e+00 7.116510647e-02 9.438668923e-02 6.846965316e-02 1.033535059e+00 1.621342959e-01
6.444960000e+01 3.222480000e-02 9.850877131e-01 7.911172762e+00 7.198798255e-02 9.654502016e-02 6.977219534e-02 1.034157672e+00 1.688330792e-01
6.472740000e+01 3.236370000e-02 9.963351517e-01 8.742215513e+00 7.258101166e-02 9.809374600e-02 7.062793131e-02 1.034565834e+00 1.735031173e-01
6.500520000e+01 3.250260000e-02 9.999986656e-01 9.579938956e+00 7.294949288e-02 9.903737924e-02 7.104853903e-02 1.034765539e+00 1.761004847e-01
6.528300000e+01 3.264150000e-02 9.960503689e-01 1.041792557e+01 7.309764077e-02 9.937249008e-02 7.103869774e-02 1.034759317e+00 1.765761512e-01
6.556080000e+01 3.278040000e-02 9.845203153e-01 1.124974892e+01 7.302581453e-02 9.910441615e-02 7.060937549e-02 1.034552423e+00 1.749763217e-01
6.583860000e+01 3.291930000e-02 9.654962695e-01 1.206902135e+01 7.273545214e-02 9.823498788e-02 6.976230653e-02 1.034145537e+00 1.713437704e-01
6.611640000e+01 3.305820000e-02 9.391230392e-01 1.286945251e+01 7.222421926e-02 9.676964817e-02 6.850492529e-02 1.033541981e+00 1.657680077e-01
6.639420000e+01 3.319710000e-02 9.056013725e-01 1.364489896e+01 7.148946899e-02 9.472193075e-02 6.684868313e-02 1.032746779e+00 1.584092344e-01
6.667200000e+01 3.333600000e-02 8.651864305e-01 1.438941264e+01 7.052649875e-02 9.209171181e-02 6.479529783e-02 1.031760221e+00 1.493986143e-01
6.694980000e+01 3.347490000e-02 8.181858445e-01 1.509728605e+01 6.932904439e-02 8.889461879e-02 6.235768164e-02 1.030587820e+00 1.389513285e-01
6.722760000e+01 3.361380000e-02 7.649573744e-01 1.576310316e+01 6.788899203e-02 8.513971172e-02 5.954347874e-02 1.029232327e+00 1.273099322e-01
6.750540000e+01 3.375270000e-02 7.059061859e-01 1.638177217e+01 6.619453832e-02 8.084336092e-02 5.636783958e-02 1.027700174e+00 1.147319281e-01
6.778320000e+01 3.389160000e-02 6.414817659e-01 1.694857151e+01 6.423238082e-02 7.601771655e-02 5.283802938e-02 1.025993758e+00 1.014949365e-01
6.806100000e+01 3.403050000e-02 5.721745018e-01 1.745918298e+01 6.198328671e-02 7.068781694e-02 4.897623410e-02 1.024122681e+00 8.792866390e-02
6.833880000e+01 3.416940000e-02 4.985119479e-01 1.790972412e+01 5.942098663e-02 6.487165907e-02 4.479290561e-02 1.022090738e+00 7.434858610e-02
6.861660000e+01 3.430830000e-02 4.210548104e-01 1.829677671e+01 5.651318935e-02 5.859580154e-02 4.030461303e-02 1.019904751e+00 6.107537806e-02
6.889440000e+01 3.444720000e-02 3.403926791e-01 1.861741555e+01 5.321829379e-02 5.189912147e-02 3.554062465e-02 1.017577720e+00 4.846040620e-02
6.917220000e+01 3.458610000e-02 2.571395397e-01 1.886922152e+01 4.947746334e-02 4.482260738e-02 3.052738322e-02 1.015121283e+00 3.684129662e-02
6.945000000e+01 3.472500000e-02 1.719291003e-01 1.905028798e+01 4.521243849e-02 3.743658980e-02 2.531452098e-02 1.012558642e+00 2.655986449e-02
6.972780000e+01 3.486390000e-02 8.540996733e-02 1.915922810e+01 4.032035895e-02 2.984145087e-02 1.996983940e-02 1.009922214e+00 1.792900125e-02
7.000560000e+01 3.500280000e-02 -1.759290978e-03 1.912326898e+01 3.467380038e-02 2.222772331e-02 1.462663483e-02 1.007277258e+00 1.124872371e-02
7.028340000e+01 3.514170000e-02 -8.891515788e-02 1.908590308e+01 2.811497045e-02 1.490677110e-02 9.505467735e-03 1.004733307e+00 6.697536617e-03
7.056120000e+01 3.528060000e-02 -1.753942185e-01 1.897537121e+01 2.072525949e-02 8.469958375e-03 5.018809729e-03 1.002496771e+00 4.306978031e-03
7.083900000e+01 3.541950000e-02 -2.605382098e-01 1.879234072e+01 1.458911956e-02 4.031263022e-03 1.941498878e-03 1.000956893e+00 3.857293057e-03
7.111680000e+01 3.555840000e-02 -3.436990310e-01 1.853801204e+01 1.354655044e-02 3.458763367e-03 1.580748932e-03 1.000770609e+00 4.951011083e-03
7.139460000e+01 3.569730000e-02 -4.242436767e-01 1.821420959e+01 2.151530830e-02 9.255665305e-03 5.758446396e-03 1.002848216e+00 8.091468979e-03
7.167240000e+01 3.583620000e-02 -5.015590555e-01 1.782361919e+01 3.473128499e-02 2.267580448e-02 1.559423661e-02 1.007732079e+00 1.698927118e-02
7.195020000e+01 3.597510000e-02 -5.750566568e-01 1.737010931e+01 4.652588988e-02 4.023429180e-02 2.879730804e-02 1.014252525e+00 3.616315125e-02
7.222800000e+01 3.611400000e-02 -6.441770298e-01 1.685821392e+01 5.466525088e-02 5.556894368e-02 4.051827025e-02 1.020003405e+00 6.110526693e-02
7.250580000e+01 3.625290000e-02 -7.083940427e-01 1.629194329e+01 5.967330474e-02 6.630721074e-02 4.869957730e-02 1.023994064e+00 8.365057426e-02
7.278360000e+01 3.639180000e-02 -7.672188871e-01 1.567495334e+01 6.292009692e-02 7.379088060e-02 5.428282570e-02 1.026704304e+00 1.020234773e-01
7.306140000e+01 3.653070000e-02 -8.202037988e-01 1.501133794e+01 6.529889747e-02 7.952018352e-02 5.843380193e-02 1.028711480e+00 1.175156877e-01
7.333920000e+01 3.666960000e-02 -8.669454662e-01 1.430580414e+01 6.720493125e-02 8.424807832e-02 6.175866242e-02 1.030314238e+00 1.311175417e-01
7.361700000e+01 3.680850000e-02 -9.070881001e-01 1.356354509e+01 6.878522200e-02 8.824986385e-02 6.448939282e-02 1.031627292e+00 1.431043020e-01
7.389480000e+01 3.694740000e-02 -9.403261419e-01 1.279011540e+01 7.009503937e-02 9.161919674e-02 6.671673639e-02 1.032695990e+00 1.534652431e-01
7.417260000e+01 3.708630000e-02 -9.664065896e-01 1.199135447e+01 7.115346004e-02 9.437555364e-02 6.847092663e-02 1.033536082e+00 1.620434773e-01
7.445040000e+01 3.722520000e-02 -9.851309236e-01 1.117332543e+01 7.197514001e-02 9.652524881e-02 6.976970502e-02 1.034156930e+00 1.687145906e-01
7.472820000e+01 3.736410000e-02 -9.963566176e-01 1.034226230e+01 7.256817570e-02 9.806941501e-02 7.062520244e-02 1.034565015e+00 1.733733784e-01
7.500600000e+01 3.750300000e-02 -9.999982235e-01 9.504516705e+00 7.293646436e-02 9.900732648e-02 7.104690951e-02 1.034765367e+00 1.759462193e-01
7.528380000e+01 3.764190000e-02 -9.960280221e-01 8.666505052e+00 7.308392610e-02 9.933655143e-02 7.103742001e-02 1.034759361e+00 1.764101502e-01
7.556160000e+01 3.778080000e-02 -9.844762340e-01 7.834657935e+00 7.301131064e-02 9.906443186e-02 7.060788280e-02 1.034552427e+00 1.747939291e-01
7.583940000e+01 3.791970000e-02 -9.654307891e-01 7.015359477e+00 7.271970162e-02 9.819077151e-02 6.976142787e-02 1.034145927e+00 1.711421232e-01
7.611720000e+01 3.805860000e-02 -9.390366582e-01 6.214900247e+00 7.220856094e-02 9.672175563e-02 6.850403387e-02 1.033542404e+00 1.655565520e-01
7.639500000e+01 3.819750000e-02 -9.054947485e-01 5.439425556e+00 7.147457838e-02 9.466950802e-02 6.684842204e-02 1.032747610e+00 1.581755130e-01
7.667280000e+01 3.833640000e-02 -8.650603750e-01 4.694883496e+00 7.051246028e-02 9.203836238e-02 6.479503785e-02 1.031761074e+00 1.491600932e-01
7.695060000e+01 3.847530000e-02 -8.180413170e-01 3.986980147e+00 6.931527036e-02 8.884036204e-02 6.235673175e-02 1.030588284e+00 1.387225681e-01
7.722840000e+01 3.861420000e-02 -7.647954750e-01 3.321136184e+00 6.787620019e-02 8.508693740e-02 5.954254258e-02 1.029232806e+00 1.270803931e-01
7.750620000e+01 3.875310000e-02 -7.057281470e-01 2.702440428e+00 6.618409697e-02 8.079425397e-02 5.636712662e-02 1.027700700e+00 1.145181411e-01
7.778400000e+01 3.889200000e-02 -6.412889428e-01 2.135615667e+00 6.422362209e-02 7.597075408e-02 5.283641756e-02 1.025993745e+00 1.013020293e-01
7.806180000e+01 3.903090000e-02 -5.719683621e-01 1.624981538e+00 6.197557555e-02 7.064396772e-02 4.897303755e-02 1.024121771e+00 8.776047578e-02
7.833960000e+01 3.916980000e-02 -4.982940607e-01 1.174421173e+00 5.941530080e-02 6.483465358e-02 4.479091468e-02 1.022090352e+00 7.420061672e-02
7.861740000e+01 3.930870000e-02 -4.208268343e-01 7.873499837e-01 5.651023147e-02 5.856419906e-02 4.030415027e-02 1.019905032e+00 6.095012009e-02
7.889520000e+01 3.944760000e-02 -3.401563493e-01 4.666940088e-01 5.321614414e-02 5.187022672e-02 3.553953411e-02 1.017577589e+00 4.835805784e-02
7.917300000e+01 3.958650000e-02 -2.568966553e-01 2.148751144e-01 4.947549690e-02 4.479593073e-02 3.052542341e-02 1.015120651e+00 3.675515148e-02
7.945080000e+01 3.972540000e-02 -1.716815099e-01 3.379914069e-02 4.521107933e-02 3.741256067e-02 2.531282625e-02 1.012558080e+00 2.648819039e-02
7.972860000e+01 3.986430000e-02 -8.515955560e-02 -7.514907074e-02 4.032204719e-02 2.982316724e-02 1.997157095e-02 1.009923287e+00 1.787538445e-02
8.000640000e+01 4.000320000e-02 2.010617944e-03 -3.919532345e-02 3.466774394e-02 2.220439258e-02 1.462424135e-02 1.007276283e+00 1.119214923e-02
8.028420000e+01 4.014210000e-02 8.916548703e-02 -1.825022374e-03 2.810807164e-02 1.488216478e-02 9.500334357e-03 1.004730939e+00 6.646732935e-03
8.056200000e+01 4.028100000e-02 1.756416444e-01 1.087035796e-01 2.072241052e-02 8.450635553e-03 5.015991206e-03 1.002495512e+00 4.268068433e-03
8.083980000e+01 4.041990000e-02 2.607808491e-01 2.917333470e-01 1.459459212e-02 4.017954759e-03 1.941478772e-03 1.000957005e+00 3.826013768e-03
8.111760000e+01 4.055880000e-02 3.439350366e-01 5.460629129e-01 1.355364164e-02 3.451259674e-03 1.582856879e-03 1.000771763e+00 4.925906402e-03
8.139540000e+01 4.069770000e-02 4.244712523e-01 8.698652225e-01 2.152224965e-02 9.254831204e-03 5.762676059e-03 1.002850410e+00 8.072836972e-03
8.167320000e+01 4.083660000e-02 5.017764689e-01 1.260453971e+00 3.473320804e-02 2.267908095e-02 1.559868067e-02 1.007734346e+00 1.697964507e-02
8.195100000e+01 4.097550000e-02 5.752622530e-01 1.713965823e+00 4.652354508e-02 4.023574777e-02 2.879769245e-02 1.014252771e+00 3.615247481e-02
8.222880000e+01 4.111440000e-02 6.443692438e-01 2.225868005e+00 5.466160327e-02 5.557299037e-02 4.051937246e-02 1.020004017e+00 6.109385041e-02
8.250660000e+01 4.125330000e-02 7.085714115e-01 2.792142197e+00 5.966859240e-02 6.631362538e-02 4.870091935e-02 1.023994796e+00 8.364017986e-02
8.278440000e+01 4.139220000e-02 7.673800606e-01 3.409136789e+00 6.291637088e-02 7.379823377e-02 5.428367810e-02 1.026704819e+00 1.020077584e-01
8.306220000e+01 4.153110000e-02 8.203475501e-01 4.072760888e+00 6.529427828e-02 7.952740198e-02 5.843414365e-02 1.028711765e+00 1.174949456e-01
8.334000000e+01 4.167000000e-02 8.670707012e-01 4.778306546e+00 6.719935580e-02 8.424981228e-02 6.175457132e-02 1.030312437e+00 1.310683185e-01
