0.000000000e+00 0.000000000e+00 0.000000000e+00 0.000000000e+00 0.000000000e+00 -4.098284212e-17 -3.512815039e-18 1.000000000e+00 -1.873501354e-17
2.778000000e-02 1.389000000e-05 8.716269750e-02 2.179007582e-03 1.259295780e-03 -1.502513018e-03 -1.506793892e-03 9.992462437e-01 7.465348504e-05
5.556000000e-02 2.778000000e-05 1.736619282e-01 1.097550674e-02 1.900066833e-03 -2.254018044e-03 -2.259665586e-03 9.988683507e-01 3.686655494e-04
8.334000000e-02 4.167000000e-05 2.588392753e-01 2.730182327e-02 2.129605295e-03 -2.533694409e-03 -2.534046004e-03 9.987282941e-01 9.423775667e-04
1.111200000e-01 5.556000000e-05 3.420463844e-01 5.086541059e-02 1.993587609e-03 -2.403908050e-03 -2.392445604e-03 9.987948269e-01 1.794615595e-03
1.389000000e-01 6.945000000e-05 4.226498976e-01 8.146204576e-02 1.518321414e-03 -1.883958409e-03 -1.857466668e-03 9.990567022e-01 2.917694792e-03
1.666800000e-01 8.334000000e-05 5.000362755e-01 1.188425034e-01 7.777825375e-04 -9.908526070e-04 -9.515975477e-04 9.995026291e-01 4.326286034e-03
1.944600000e-01 9.723000000e-05 5.736164670e-01 1.627090258e-01 6.128562110e-04 2.681477003e-04 3.109933363e-04 1.000125551e+00 6.021527460e-03
2.222400000e-01 1.111200000e-04 6.428303927e-01 2.127164665e-01 1.660217126e-03 1.876693268e-03 1.906787733e-03 1.000913633e+00 8.026055731e-03
2.500200000e-01 1.250100000e-04 7.071512086e-01 2.684746693e-01 3.156713463e-03 3.829715210e-03 3.824025840e-03 1.001860923e+00 1.036214405e-02
2.778000000e-01 1.389000000e-04 7.660893163e-01 3.295498534e-01 4.821436914e-03 6.107505769e-03 6.037579444e-03 1.002954762e+00 1.305510356e-02
3.055800000e-01 1.527900000e-04 8.191960894e-01 3.954678320e-01 6.609634769e-03 8.683877563e-03 8.517760260e-03 1.004180207e+00 1.613083890e-02
3.333600000e-01 1.666800000e-04 8.660672886e-01 4.657171466e-01 8.478519004e-03 1.152859610e-02 1.123322687e-02 1.005521493e+00 1.961184247e-02
3.611400000e-01 1.805700000e-04 9.063461389e-01 5.397527544e-01 1.038534933e-02 1.457887270e-02 1.412236896e-02 1.006947824e+00 2.349685057e-02
3.889200000e-01 1.944600000e-04 9.397260448e-01 6.169999371e-01 1.228779060e-02 1.777881472e-02 1.713300417e-02 1.008433206e+00 2.776487795e-02
4.167000000e-01 2.083500000e-04 9.659529245e-01 6.968589834e-01 1.414659881e-02 2.105099231e-02 2.019324910e-02 1.009942001e+00 3.234933863e-02
4.444800000e-01 2.222400000e-04 9.848271436e-01 7.787100603e-01 1.592593760e-02 2.431482436e-02 2.322952387e-02 1.011437905e+00 3.714413439e-02
4.722600000e-01 2.361300000e-04 9.962050349e-01 8.619177017e-01 1.759230191e-02 2.748574607e-02 2.616499628e-02 1.012883144e+00 4.200853530e-02
5.000400000e-01 2.500200000e-04 9.999999921e-01 9.458378443e-01 1.911794234e-02 3.047914686e-02 2.892337815e-02 1.014240420e+00 4.675785948e-02
5.278200000e-01 2.639100000e-04 9.961831286e-01 1.029821635e+00 2.048144116e-02 3.321839135e-02 3.143592560e-02 1.015476351e+00 5.117698580e-02
5.556000000e-01 2.778000000e-04 9.847834976e-01 1.113221082e+00 2.166492951e-02 3.563250855e-02 3.363837276e-02 1.016559765e+00 5.505640798e-02
5.833800000e-01 2.916900000e-04 9.658878711e-01 1.195395446e+00 2.265590371e-02 3.767048175e-02 3.548653283e-02 1.017469434e+00 5.820636491e-02
6.111600000e-01 3.055800000e-04 9.396400792e-01 1.275714439e+00 2.344754172e-02 3.927821978e-02 3.693125858e-02 1.018181713e+00 6.042592756e-02
6.389400000e-01 3.194700000e-04 9.062399154e-01 1.353563730e+00 2.403519847e-02 4.043556620e-02 3.795648121e-02 1.018689067e+00 6.160563453e-02
6.667200000e-01 3.333600000e-04 8.659416158e-01 1.428349991e+00 2.441698422e-02 4.112493833e-02 3.854783107e-02 1.018984637e+00 6.167397913e-02
6.945000000e-01 3.472500000e-04 8.190519238e-01 1.499503823e+00 2.459582024e-02 4.133686050e-02 3.869788940e-02 1.019064852e+00 6.060205757e-02
7.222800000e-01 3.611400000e-04 7.659277554e-01 1.566484330e+00 2.457507385e-02 4.108089958e-02 3.841754424e-02 1.018934963e+00 5.843171298e-02
7.500600000e-01 3.750300000e-04 7.069734821e-01 1.628782950e+00 2.435757591e-02 4.036340744e-02 3.771314832e-02 1.018597812e+00 5.523757168e-02
7.778400000e-01 3.889200000e-04 6.426378534e-01 1.685926716e+00 2.394900540e-02 3.921653957e-02 3.661674365e-02 1.018068716e+00 5.117213874e-02
8.056200000e-01 4.028100000e-04 5.734105806e-01 1.737481929e+00 2.335119927e-02 3.765449263e-02 3.514088166e-02 1.017353293e+00 4.637985964e-02
8.334000000e-01 4.167000000e-04 4.998186091e-01 1.783057288e+00 2.256960701e-02 3.571844210e-02 3.332504767e-02 1.016470300e+00 4.107355466e-02
8.611800000e-01 4.305900000e-04 4.224221080e-01 1.822305430e+00 2.160825190e-02 3.343628355e-02 3.119370574e-02 1.015431047e+00 3.545255470e-02
8.889600000e-01 4.444800000e-04 3.418102054e-01 1.854927757e+00 2.047414924e-02 3.084813408e-02 2.878351166e-02 1.014252899e+00 2.972360858e-02
9.167400000e-01 4.583700000e-04 2.585965049e-01 1.880675129e+00 1.917295229e-02 2.799057554e-02 2.612672755e-02 1.012950965e+00 2.410391160e-02
9.445200000e-01 4.722600000e-04 1.734144141e-01 1.899351090e+00 1.771195787e-02 2.490784063e-02 2.326178598e-02 1.011543542e+00 1.878819807e-02
9.723000000e-01 4.861500000e-04 8.691232386e-02 1.910810224e+00 1.610346680e-02 2.164085232e-02 2.022308884e-02 1.010046918e+00 1.396747466e-02
1.000080000e+00 5.000400000e-04 -2.513274096e-04 1.906656326e+00 1.436352709e-02 1.822441636e-02 1.703832086e-02 1.008474229e+00 9.788123679e-03
1.027860000e+00 5.139300000e-04 -8.741306562e-02 1.903471094e+00 1.251102939e-02 1.471428773e-02 1.375484041e-02 1.006848447e+00 6.394799392e-03
1.055640000e+00 5.278200000e-04 -1.739094312e-01 1.892968435e+00 1.061512884e-02 1.115457702e-02 1.040721580e-02 1.005186353e+00 3.889262019e-03
1.083420000e+00 5.417100000e-04 -2.590820294e-01 1.875223880e+00 8.832607299e-03 7.594105174e-03 7.033953491e-03 1.003506863e+00 2.337914115e-03
1.111200000e+00 5.556000000e-04 -3.422825417e-01 1.850366762e+00 7.631446302e-03 4.078363360e-03 3.668999071e-03 1.001826793e+00 1.770058489e-03
1.138980000e+00 5.694900000e-04 -4.228776605e-01 1.818586239e+00 7.114220150e-03 6.653167333e-04 3.576652673e-04 1.000168762e+00 2.191349304e-03
1.166760000e+00 5.833800000e-04 -5.002539104e-01 1.780115096e+00 7.315455674e-03 -2.599233724e-03 -2.867714199e-03 9.985491701e-01 3.552818447e-03
1.194540000e+00 5.972700000e-04 -5.738223172e-01 1.735243717e+00 8.058775067e-03 -5.661775805e-03 -5.967861019e-03 9.969880215e-01 5.780736166e-03
1.222320000e+00 6.111600000e-04 -6.430228913e-01 1.684304723e+00 9.681982576e-03 -8.471795786e-03 -8.907075071e-03 9.955037233e-01 8.764386036e-03
1.250100000e+00 6.250500000e-04 -7.073288904e-01 1.627678449e+00 1.223423160e-02 -1.098038152e-02 -1.165139276e-02 9.941139781e-01 1.236252836e-02
1.277880000e+00 6.389400000e-04 -7.662508288e-01 1.565788222e+00 1.526626915e-02 -1.313402743e-02 -1.416231319e-02 9.928388975e-01 1.640842595e-02
1.305660000e+00 6.528300000e-04 -8.193402032e-01 1.499096743e+00 1.858094510e-02 -1.489343164e-02 -1.641473106e-02 9.916919648e-01 2.072368453e-02
1.333440000e+00 6.667200000e-04 -8.661929068e-01 1.428103287e+00 2.209804527e-02 -1.620665835e-02 -1.836980963e-02 9.906936449e-01 2.510929695e-02
1.361220000e+00 6.806100000e-04 -9.064523052e-01 1.353340618e+00 2.577357329e-02 -1.703767600e-02 -2.000248217e-02 9.898574934e-01 2.937239664e-02
1.389000000e+00 6.945000000e-04 -9.398119511e-01 1.275370422e+00 2.957111647e-02 -1.735198153e-02 -2.128647527e-02 9.891976471e-01 3.332522704e-02
1.416780000e+00 7.083900000e-04 -9.660179168e-01 1.194778818e+00 3.345963688e-02 -1.711814367e-02 -2.219498743e-02 9.887284444e-01 3.679215532e-02
1.444560000e+00 7.222800000e-04 -9.848707274e-01 1.112172740e+00 3.741398375e-02 -1.632173843e-02 -2.271368990e-02 9.884577945e-01 3.963352705e-02
1.472340000e+00 7.361700000e-04 -9.962268784e-01 1.028173484e+00 4.140756850e-02 -1.495296484e-02 -2.282727769e-02 9.883939342e-01 4.173825618e-02
1.500120000e+00 7.500600000e-04 -9.999999289e-01 9.434124259e-01 4.541126413e-02 -1.302195229e-02 -2.253410788e-02 9.885379825e-01 4.304690102e-02
1.527900000e+00 7.639500000e-04 -9.961611593e-01 8.585278721e-01 4.939352636e-02 -1.054913952e-02 -2.183650558e-02 9.888888203e-01 4.354503374e-02
1.555680000e+00 7.778400000e-04 -9.847397893e-01 7.741601528e-01 5.331959589e-02 -7.574399761e-03 -2.074938009e-02 9.894387287e-01 4.327251032e-02
1.583460000e+00 7.917300000e-04 -9.658227566e-01 6.909473958e-01 5.715220286e-02 -4.156494045e-03 -1.929922246e-02 9.901739427e-01 4.231338515e-02
1.611240000e+00 8.056200000e-04 -9.395540542e-01 6.095196047e-01 6.085185108e-02 -3.724743482e-04 -1.752485987e-02 9.910742974e-01 4.079264360e-02
1.639020000e+00 8.195100000e-04 -9.061336347e-01 5.304963582e-01 6.437814265e-02 3.691514400e-03 -1.547019322e-02 9.921169667e-01 3.885665371e-02
1.666800000e+00 8.334000000e-04 -8.658158883e-01 4.544804721e-01 6.768934172e-02 7.906260615e-03 -1.321825251e-02 9.932593903e-01 3.668182163e-02
1.694580000e+00 8.472900000e-04 -8.189077066e-01 3.820544300e-01 7.074680553e-02 1.214079755e-02 -1.085321187e-02 9.944585479e-01 3.442281014e-02
1.722360000e+00 8.611800000e-04 -7.657661461e-01 3.137766344e-01 7.351376716e-02 1.626034891e-02 -8.465121028e-03 9.956686433e-01 3.220409857e-02
1.750140000e+00 8.750700000e-04 -7.067957110e-01 2.501757090e-01 7.595888940e-02 2.011828896e-02 -6.160537091e-03 9.968358198e-01 3.011498664e-02
1.777920000e+00 8.889600000e-04 -6.424452736e-01 1.917451988e-01 7.805727222e-02 2.359151494e-02 -4.028670227e-03 9.979151928e-01 2.819043084e-02
1.805700000e+00 9.028500000e-04 -5.732046579e-01 1.389389397e-01 7.979114205e-02 2.655790103e-02 -2.165838470e-03 9.988585294e-01 2.642938265e-02
1.833480000e+00 9.167400000e-04 -4.996009111e-01 9.216613624e-02 8.114987171e-02 2.892951679e-02 -6.421677653e-04 9.996308812e-01 2.479909248e-02
1.861260000e+00 9.306300000e-04 -4.221942917e-01 5.178733580e-02 8.213006934e-02 3.063865330e-02 4.844092986e-04 1.000203468e+00 2.325797080e-02
1.889040000e+00 9.445200000e-04 -3.415740049e-01 1.811314944e-02 8.273515772e-02 3.165489948e-02 1.185132990e-03 1.000562059e+00 2.177699517e-02
1.916820000e+00 9.584100000e-04 -2.583537181e-01 -8.602114942e-03 8.297306272e-02 3.196702194e-02 1.445930054e-03 1.000699678e+00 2.034820472e-02
1.944600000e+00 9.723000000e-04 -1.731668891e-01 -2.815618708e-02 8.285604375e-02 3.159080106e-02 1.272095055e-03 1.000618892e+00 1.899674143e-02
1.972380000e+00 9.861900000e-04 -8.666194474e-02 -4.040721412e-02 8.239819346e-02 3.055904733e-02 6.854724307e-04 1.000330423e+00 1.777167246e-02
2.000160000e+00 1.000080000e-03 5.026548034e-04 -3.554648303e-02 8.161626410e-02 2.892890985e-02 -2.731066280e-04 9.998543584e-01 1.675047422e-02
2.027940000e+00 1.013970000e-03 8.766342823e-02 -3.298694254e-02 8.052729714e-02 2.676540272e-02 -1.556625073e-03 9.992138324e-01 1.601986099e-02
2.055720000e+00 1.027860000e-03 1.741569234e-01 -2.303420498e-02 7.914810730e-02 2.413981731e-02 -3.112728406e-03 9.984346559e-01 1.566422699e-02
2.083500000e+00 1.041750000e-03 2.593247672e-01 -5.770244603e-03 7.749362399e-02 2.112660428e-02 -4.886590204e-03 9.975439354e-01 1.575498348e-02
2.111280000e+00 1.055640000e-03 3.425186774e-01 1.866842657e-02 7.557904338e-02 1.780529307e-02 -6.819655884e-03 9.965707371e-01 1.634402282e-02
2.139060000e+00 1.069530000e-03 4.231053967e-01 5.008775385e-02 7.342093439e-02 1.425652284e-02 -8.853062445e-03 9.955444004e-01 1.745919295e-02
2.166840000e+00 1.083420000e-03 5.004715137e-01 8.824557597e-02 7.102991027e-02 1.055600900e-02 -1.093374304e-02 9.944915657e-01 1.908802132e-02
2.194620000e+00 1.097310000e-03 5.740281311e-01 1.328481935e-01 6.842179593e-02 6.791206226e-03 -1.299716320e-02 9.934447578e-01 2.118892038e-02
2.222400000e+00 1.111200000e-03 6.432153493e-01 1.835552566e-01 6.560877335e-02 3.039965794e-03 -1.498996375e-02 9.924311007e-01 2.368403379e-02
2.250180000e+00 1.125090000e-03 7.075065276e-01 2.399804109e-01 6.260302359e-02 -6.216466567e-04 -1.686031659e-02 9.914771099e-01 2.646542275e-02
2.277960000e+00 1.138980000e-03 7.664122929e-01 3.016955219e-01 5.941679033e-02 -4.118216066e-03 -1.855804566e-02 9.906086066e-01 2.940092461e-02
2.305740000e+00 1.152870000e-03 8.194842652e-01 3.682331993e-01 5.606331122e-02 -7.377340644e-03 -2.003641626e-02 9.898497974e-01 3.233904628e-02
2.333520000e+00 1.166760000e-03 8.663184702e-01 4.390901280e-01 5.255879710e-02 -1.032593506e-02 -2.124804241e-02 9.892252979e-01 3.511343381e-02
2.361300000e+00 1.180650000e-03 9.065584142e-01 5.137311458e-01 4.891968834e-02 -1.290316952e-02 -2.215734039e-02 9.887537948e-01 3.756393949e-02
2.389080000e+00 1.194540000e-03 9.398977980e-01 5.915935861e-01 4.516555268e-02 -1.504994282e-02 -2.272939638e-02 9.884536134e-01 3.953588386e-02
2.416860000e+00 1.208430000e-03 9.660828482e-01 6.720914456e-01 4.131858959e-02 -1.671026890e-02 -2.293055284e-02 9.883423640e-01 4.089087610e-02
2.444640000e+00 1.222320000e-03 9.849142489e-01 7.546189697e-01 3.740184943e-02 -1.784535546e-02 -2.274128829e-02 9.884303655e-01 4.153213741e-02
2.472420000e+00 1.236210000e-03 9.962486589e-01 8.385542011e-01 3.344471955e-02 -1.842525087e-02 -2.214722684e-02 9.887251566e-01 4.140051483e-02
2.500200000e+00 1.250100000e-03 9.999998026e-01 9.232632292e-01 2.948066126e-02 -1.843390583e-02 -2.114342450e-02 9.892292960e-01 4.048480684e-02
2.527980000e+00 1.263990000e-03 9.961391270e-01 1.008105111e+00 2.554604710e-02 -1.787174249e-02 -1.973585155e-02 9.899395790e-01 3.882946898e-02
2.555760000e+00 1.277880000e-03 9.846960189e-01 1.092436321e+00 2.168121319e-02 -1.676122978e-02 -1.794627772e-02 9.908445742e-01 3.653822660e-02
2.583540000e+00 1.291770000e-03 9.657575812e-01 1.175616242e+00 1.793051013e-02 -1.513604119e-02 -1.580201000e-02 9.919298880e-01 3.374904387e-02
2.611320000e+00 1.305660000e-03 9.394679699e-01 1.257011330e+00 1.434162270e-02 -1.307663296e-02 -1.337087423e-02 9.931605695e-01 3.065413867e-02
2.639100000e+00 1.319550000e-03 9.060272967e-01 1.335998144e+00 1.096667973e-02 -1.067152961e-02 -1.072382855e-02 9.945000957e-01 2.744494409e-02
2.666880000e+00 1.333440000e-03 8.656901061e-01 1.411968953e+00 7.877156210e-03 -8.038684552e-03 -7.957451758e-03 9.958991731e-01 2.430366588e-02
2.694660000e+00 1.347330000e-03 8.187634376e-01 1.484336134e+00 5.155135299e-03 -5.306090195e-03 -5.176256152e-03 9.973047694e-01 2.136806628e-02
2.722440000e+00 1.361220000e-03 7.656044885e-01 1.552538152e+00 3.454716056e-03 -2.607475572e-03 -2.490185563e-03 9.986614346e-01 1.871826346e-02
2.750220000e+00 1.375110000e-03 7.066178952e-01 1.616044834e+00 2.914562817e-03 -7.332487821e-05 -7.343677755e-06 9.999149674e-01 1.637149570e-02
2.778000000e+00 1.389000000e-03 6.422526532e-01 1.674362858e+00 3.358183157e-03 2.178425092e-03 2.173944904e-03 1.001016346e+00 1.428992831e-02
2.805780000e+00 1.402890000e-03 5.729986990e-01 1.727040518e+00 4.114216638e-03 4.050564077e-03 3.972438570e-03 1.001925282e+00 1.240059233e-02
2.833560000e+00 1.416780000e-03 4.993831815e-01 1.773672110e+00 5.019474173e-03 5.467530811e-03 5.324525738e-03 1.002610364e+00 1.062075228e-02
2.861340000e+00 1.430670000e-03 4.219664487e-01 1.813900981e+00 5.667296498e-03 6.385903001e-03 6.194826741e-03 1.003054231e+00 8.883898654e-03
2.889120000e+00 1.444560000e-03 3.413377829e-01 1.847420713e+00 5.999150732e-03 6.793540088e-03 6.575226876e-03 1.003252995e+00 7.158238765e-03
2.916900000e+00 1.458450000e-03 2.581109150e-01 1.873981799e+00 6.013825718e-03 6.692619015e-03 6.468907484e-03 1.003208198e+00 5.457391093e-03
2.944680000e+00 1.472340000e-03 1.729193531e-01 1.893385787e+00 5.733750874e-03 6.116930372e-03 5.907416799e-03 1.002935381e+00 3.833567660e-03
2.972460000e+00 1.486230000e-03 8.641156014e-02 1.905494197e+00 5.197626809e-03 5.105017767e-03 4.925081699e-03 1.002451295e+00 2.375415687e-03
3.000240000e+00 1.500120000e-03 -7.539821654e-04 1.900765597e+00 4.515001398e-03 3.715529865e-03 3.573793305e-03 1.001781362e+00 1.193968439e-03
3.028020000e+00 1.514010000e-03 -8.791378530e-02 1.898086275e+00 3.991453647e-03 2.012765571e-03 1.909404770e-03 1.000952967e+00 4.031153248e-04
3.055800000e+00 1.527900000e-03 -1.744044045e-01 1.888027360e+00 3.743173754e-03 6.489221552e-05 -9.829405087e-06 9.999947325e-01 1.086193759e-04
3.083580000e+00 1.541790000e-03 -2.595674885e-01 1.870670987e+00 4.008946564e-03 -2.058837728e-03 -2.125956655e-03 9.989352158e-01 3.974070256e-04
3.111360000e+00 1.555680000e-03 -3.427547914e-01 1.846153511e+00 4.837052639e-03 -4.286703793e-03 -4.379917715e-03 9.978036470e-01 1.332111286e-03
3.139140000e+00 1.569570000e-03 -4.233331062e-01 1.814669892e+00 6.524034705e-03 -6.554000641e-03 -6.720668944e-03 9.966253998e-01 2.944475844e-03
3.166920000e+00 1.583460000e-03 -5.006890853e-01 1.776460416e+00 8.755273680e-03 -8.777800929e-03 -9.079805867e-03 9.954347678e-01 5.218309099e-03
3.194700000e+00 1.597350000e-03 -5.742339088e-01 1.731818980e+00 1.131489518e-02 -1.088854272e-02 -1.140324482e-02 9.942590266e-01 8.109913735e-03
3.222480000e+00 1.611240000e-03 -6.434077667e-01 1.681084238e+00 1.413051613e-02 -1.282244132e-02 -1.364281549e-02 9.931226921e-01 1.153732066e-02
3.250260000e+00 1.625130000e-03 -7.076841200e-01 1.624641415e+00 1.716827155e-02 -1.450637251e-02 -1.574142027e-02 9.920549458e-01 1.538014038e-02
3.278040000e+00 1.639020000e-03 -7.665737086e-01 1.562917541e+00 2.039343249e-02 -1.588064770e-02 -1.765500308e-02 9.910785567e-01 1.949833934e-02
3.305820000e+00 1.652910000e-03 -8.196282755e-01 1.496378666e+00 2.379050593e-02 -1.688557615e-02 -1.933864481e-02 9.902168491e-01 2.372915132e-02
3.333600000e+00 1.666800000e-03 -8.664439789e-01 1.425526960e+00 2.734138686e-02 -1.746615243e-02 -2.075059720e-02 9.894916300e-01 2.789781640e-02
3.361380000e+00 1.680690000e-03 -9.066644659e-01 1.350896565e+00 3.102766353e-02 -1.756934056e-02 -2.184878293e-02 9.889249069e-01 3.182349138e-02
3.389160000e+00 1.694580000e-03 -9.399835855e-01 1.273049254e+00 3.482961687e-02 -1.715762046e-02 -2.260308651e-02 9.885326267e-01 3.534065312e-02
3.416940000e+00 1.708470000e-03 -9.661477186e-01 1.192570773e+00 3.872474820e-02 -1.619851905e-02 -2.298419864e-02 9.883302483e-01 3.829931390e-02
3.444720000e+00 1.722360000e-03 -9.849577083e-01 1.110066679e+00 4.268728402e-02 -1.466716031e-02 -2.296517263e-02 9.883318942e-01 4.057745371e-02
3.472500000e+00 1.736250000e-03 -9.962703765e-01 1.026157866e+00 4.668896566e-02 -1.256158681e-02 -2.253545667e-02 9.885432159e-01 4.210228603e-02
3.500280000e+00 1.750140000e-03 -9.999996131e-01 9.414773438e-01 5.069802303e-02 -9.891694317e-03 -2.168911000e-02 9.889673240e-01 4.284215934e-02
3.528060000e+00 1.764030000e-03 -9.961170319e-01 8.566656732e-01 5.467827144e-02 -6.685066945e-03 -2.043061806e-02 9.896018067e-01 4.282042199e-02
3.555840000e+00 1.777920000e-03 -9.846521863e-01 7.723658799e-01 5.859030932e-02 -2.992261559e-03 -1.878015664e-02 9.904360827e-01 4.211802199e-02
3.583620000e+00 1.791810000e-03 -9.656923448e-01 6.892175937e-01 6.239229671e-02 1.116398577e-03 -1.676998825e-02 9.914532943e-01 4.085591401e-02
3.611400000e+00 1.805700000e-03 -9.393818262e-01 6.078531953e-01 6.604099078e-02 5.548327090e-03 -1.444887009e-02 9.926281271e-01 3.919207416e-02
3.639180000e+00 1.819590000e-03 -9.059209015e-01 5.288949771e-01 6.948953292e-02 1.018011012e-02 -1.189281289e-02 9.939215069e-01 3.730735215e-02
3.666960000e+00 1.833480000e-03 -8.655642692e-01 4.529488965e-01 7.269519474e-02 1.486889235e-02 -9.195319332e-03 9.952856643e-01 3.537133809e-02
3.694740000e+00 1.847370000e-03 -8.186191168e-01 3.806013656e-01 7.561643893e-02 1.946492824e-02 -6.458575087e-03 9.966686904e-01 3.351505078e-02
3.722520000e+00 1.861260000e-03 -7.654427825e-01 3.124131797e-01 7.821759894e-02 2.381588216e-02 -3.791563373e-03 9.980155530e-01 3.181786824e-02
3.750300000e+00 1.875150000e-03 -7.064400348e-01 2.489141714e-01 8.047111677e-02 2.777665387e-02 -1.302907058e-03 9.992717135e-01 3.030133768e-02
3.778080000e+00 1.889040000e-03 -6.420599922e-01 1.905978051e-01 8.235701020e-02 3.121885968e-02 9.071744857e-04 1.000387127e+00 2.893426426e-02
3.805860000e+00 1.902930000e-03 -5.727927040e-01 1.379162713e-01 8.386268857e-02 3.403466744e-02 2.749937199e-03 1.001317692e+00 2.765030962e-02
3.833640000e+00 1.916820000e-03 -4.991654204e-01 9.127599934e-02 8.498489639e-02 3.615335363e-02 4.165502878e-03 1.002033826e+00 2.637173057e-02
3.861420000e+00 1.930710000e-03 -4.217385790e-01 5.103406695e-02 8.572682128e-02 3.753125485e-02 5.113871461e-03 1.002515852e+00 2.503309556e-02
3.889200000e+00 1.944600000e-03 -3.411015392e-01 1.749792938e-02 8.609724146e-02 3.815256899e-02 5.574688620e-03 1.002753769e+00 2.360316636e-02
3.916980000e+00 1.958490000e-03 -2.578680956e-01 -9.082086745e-03 8.610891629e-02 3.802842139e-02 5.551257356e-03 1.002749221e+00 2.209165236e-02
3.944760000e+00 1.972380000e-03 -1.726718063e-01 -2.850678002e-02 8.577836403e-02 3.720069089e-02 5.072024403e-03 1.002516220e+00 2.055223257e-02
3.972540000e+00 1.986270000e-03 -8.616117009e-02 -4.063765962e-02 8.512207481e-02 3.571429103e-02 4.168335098e-03 1.002070084e+00 1.906751921e-02
4.000320000e+00 2.000160000e-03 1.005309480e-03 -3.588585101e-02 8.415794306e-02 3.363829081e-02 2.891474530e-03 1.001435969e+00 1.774842743e-02
4.028100000e+00 2.014050000e-03 8.816413681e-02 -3.323020789e-02 8.290403357e-02 3.104614285e-02 1.296341526e-03 1.000640811e+00 1.671049525e-02
4.055880000e+00 2.027940000e-03 1.746518745e-01 -2.319524518e-02 8.137679980e-02 2.801407483e-02 -5.596333407e-04 9.997128466e-01 1.606099399e-02
4.083660000e+00 2.041830000e-03 2.598101935e-01 -5.863278679e-03 7.959033261e-02 2.461928418e-02 -2.618544027e-03 9.986806389e-01 1.588766143e-02
4.111440000e+00 2.055720000e-03 3.429908838e-01 1.862946307e-02 7.755813692e-02 2.093884831e-02 -4.823922812e-03 9.975721493e-01 1.625420853e-02
4.139220000e+00 2.069610000e-03 4.235607890e-01 5.008872865e-02 7.529710298e-02 1.705568464e-02 -7.112658739e-03 9.964188011e-01 1.719516290e-02
4.167000000e+00 2.083500000e-03 5.009066254e-01 8.827318293e-02 7.281702656e-02 1.304882425e-02 -9.428020344e-03 9.952490642e-01 1.869787469e-02
4.194780000e+00 2.097390000e-03 5.744396503e-01 1.328898628e-01 7.013028133e-02 8.998969016e-03 -1.171060601e-02 9.940928819e-01 2.072233837e-02
4.222560000e+00 2.111280000e-03 6.436001435e-01 1.835995718e-01 6.724771607e-02 4.978189558e-03 -1.391196275e-02 9.929749234e-01 2.318991282e-02
4.250340000e+00 2.125170000e-03 7.078616678e-01 2.400170495e-01 6.417960031e-02 1.067509183e-03 -1.597387885e-02 9.919249316e-01 2.598444297e-02
4.278120000e+00 2.139060000e-03 7.667350759e-01 3.017153673e-01 6.093842747e-02 -2.663844633e-03 -1.785130762e-02 9.909661725e-01 2.897085444e-02
4.305900000e+00 2.152950000e-03 8.197722340e-01 3.682284163e-01 5.753762284e-02 -6.145421989e-03 -1.949851704e-02 9.901223772e-01 3.199174833e-02
4.333680000e+00 2.166840000e-03 8.665694328e-01 4.390539610e-01 5.399111364e-02 -9.305946609e-03 -2.086909062e-02 9.894177067e-01 3.487418455e-02
4.361460000e+00 2.180730000e-03 9.067704604e-01 5.136579440e-01 5.031457820e-02 -1.208978888e-02 -2.193189630e-02 9.888686345e-01 3.745502374e-02
4.389240000e+00 2.194620000e-03 9.400693137e-01 5.914787052e-01 4.652457546e-02 -1.443069708e-02 -2.264452794e-02 9.884973112e-01 3.956410591e-02
4.417020000e+00 2.208510000e-03 9.662125279e-01 6.719308214e-01 4.264288644e-02 -1.627686849e-02 -2.297728035e-02 9.883193945e-01 4.105846722e-02
4.444800000e+00 2.222400000e-03 9.850011055e-01 7.544091177e-01 3.869335322e-02 -1.758921267e-02 -2.291044026e-02 9.883453460e-01 4.183249362e-02
4.472580000e+00 2.236290000e-03 9.962920312e-01 8.382926606e-01 3.470228791e-02 -1.833707484e-02 -2.242920440e-02 9.885829604e-01 4.181917626e-02
4.500360000e+00 2.250180000e-03 9.999993604e-01 9.229482221e-01 3.070095673e-02 -1.850329687e-02 -2.152804516e-02 9.890351370e-01 4.099827497e-02
4.528140000e+00 2.264070000e-03 9.960948738e-01 1.007735259e+00 2.672332306e-02 -1.808671160e-02 -2.021195510e-02 9.896992048e-01 3.940601746e-02
4.555920000e+00 2.277960000e-03 9.846082915e-01 1.092010883e+00 2.280996663e-02 -1.710787083e-02 -1.850165162e-02 9.905642882e-01 3.714075443e-02
4.583700000e+00 2.291850000e-03 9.656270474e-01 1.175135153e+00 1.900377466e-02 -1.560249843e-02 -1.642723283e-02 9.916145997e-01 3.434036917e-02
4.611480000e+00 2.305740000e-03 9.392956232e-01 1.256475668e+00 1.535070004e-02 -1.364104625e-02 -1.404747502e-02 9.928197423e-01 3.119191582e-02
4.639260000e+00 2.319630000e-03 9.058144490e-01 1.335409860e+00 1.189771584e-02 -1.131455926e-02 -1.143653269e-02 9.941415480e-01 2.789598702e-02
4.667040000e+00 2.333520000e-03 8.654383776e-01 1.411331371e+00 8.690909944e-03 -8.739755845e-03 -8.690334564e-03 9.955310031e-01 2.464376533e-02
4.694820000e+00 2.347410000e-03 8.184747444e-01 1.483653493e+00 5.776304199e-03 -6.044532655e-03 -5.913674915e-03 9.969348777e-01 2.158413478e-02
4.722600000e+00 2.361300000e-03 7.652810281e-01 1.551815269e+00 3.209219528e-03 -3.363417734e-03 -3.217488917e-03 9.982971662e-01 1.880909449e-02
4.750380000e+00 2.375190000e-03 7.062621298e-01 1.615286908e+00 1.496395235e-03 -8.287241528e-04 -7.116942551e-04 9.995627034e-01 1.634710547e-02
4.778160000e+00 2.389080000e-03 6.418672906e-01 1.673575203e+00 1.639290304e-03 1.439143723e-03 1.503102579e-03 1.000681282e+00 1.416916498e-02
4.805940000e+00 2.402970000e-03 5.725866728e-01 1.726228380e+00 2.753516296e-03 3.339747629e-03 3.342743615e-03 1.001611128e+00 1.220778107e-02
4.833720000e+00 2.416860000e-03 4.989476277e-01 1.772840561e+00 3.827960190e-03 4.794088879e-03 4.740548736e-03 1.002319285e+00 1.038213490e-02
4.861500000e+00 2.430750000e-03 4.215106828e-01 1.813054974e+00 4.562630114e-03 5.755672155e-03 5.658473979e-03 1.002787069e+00 8.623764383e-03
4.889280000e+00 2.444640000e-03 3.408652740e-01 1.846564792e+00 4.942318342e-03 6.209171213e-03 6.085743170e-03 1.003009280e+00 6.896817584e-03
4.917060000e+00 2.458530000e-03 2.576252599e-01 1.873120472e+00 4.975473722e-03 6.154879245e-03 6.023947601e-03 1.002986682e+00 5.211367899e-03
4.944840000e+00 2.472420000e-03 1.724242485e-01 1.892523086e+00 4.680951840e-03 5.624526366e-03 5.503113276e-03 1.002734083e+00 3.613679836e-03
4.972620000e+00 2.486310000e-03 8.591077459e-02 1.904634310e+00 4.084892136e-03 4.655830374e-03 4.556969483e-03 1.002267949e+00 2.189196051e-03
5.000400000e+00 2.500200000e-03 -1.256636731e-03 1.899898891e+00 3.242244513e-03 3.306861420e-03 3.237177540e-03 1.001613602e+00 1.046087665e-03
5.028180000e+00 2.514090000e-03 -8.841448276e-02 1.897230157e+00 2.359836201e-03 1.641616466e-03 1.599617626e-03 1.000798452e+00 2.956065555e-04
5.055960000e+00 2.527980000e-03 -1.748993336e-01 1.887185441e+00 2.086876043e-03 -2.717656154e-04 -2.972281161e-04 9.998512414e-01 4.191386810e-05
5.083740000e+00 2.541870000e-03 -2.600528820e-01 1.869846776e+00 2.648888463e-03 -2.363717003e-03 -2.394866644e-03 9.988008031e-01 3.709182798e-04
5.111520000e+00 2.555760000e-03 -3.432269546e-01 1.845350434e+00 4.233146099e-03 -4.561807431e-03 -4.633322576e-03 9.976768249e-01 1.345161573e-03
5.139300000e+00 2.569650000e-03 -4.237884450e-01 1.813891085e+00 6.358946382e-03 -6.801057121e-03 -6.961147191e-03 9.965048865e-01 2.995604202e-03
5.167080000e+00 2.583540000e-03 -5.011241337e-01 1.775709121e+00 8.788938608e-03 -8.997722804e-03 -9.308949520e-03 9.953197791e-01 5.305128131e-03
5.194860000e+00 2.597430000e-03 -5.746453554e-01 1.731097924e+00 1.146025840e-02 -1.108179515e-02 -1.162208044e-02 9.941490652e-01 8.229208707e-03
5.222640000e+00 2.611320000e-03 -6.437924796e-01 1.680396115e+00 1.434388154e-02 -1.298867612e-02 -1.385140974e-02 9.930177461e-01 1.168473042e-02
5.250420000e+00 2.625210000e-03 -7.080391708e-01 1.623988738e+00 1.742362102e-02 -1.464440151e-02 -1.593895109e-02 9.919554548e-01 1.554996486e-02
5.278200000e+00 2.639100000e-03 -7.668963947e-01 1.562302555e+00 2.068485101e-02 -1.598852137e-02 -1.783980556e-02 9.909853902e-01 1.968328830e-02
5.305980000e+00 2.652990000e-03 -8.199161407e-01 1.495803406e+00 2.411222037e-02 -1.696048120e-02 -1.950812314e-02 9.901313513e-01 2.392019760e-02
5.333760000e+00 2.666880000e-03 -8.666948320e-01 1.424993224e+00 2.768966340e-02 -1.750448704e-02 -2.090131117e-02 9.894155760e-01 2.808432533e-02
5.361540000e+00 2.680770000e-03 -9.068763976e-01 1.350405686e+00 3.139999904e-02 -1.756664836e-02 -2.197638609e-02 9.888605307e-01 3.199384370e-02
5.389320000e+00 2.694660000e-03 -9.401549825e-01 1.272602030e+00 3.522412052e-02 -1.710868256e-02 -2.270240981e-02 9.884825742e-01 3.548321216e-02
5.417100000e+00 2.708550000e-03 -9.662772762e-01 1.192167688e+00 3.914009046e-02 -1.609745459e-02 -2.304932269e-02 9.882975377e-01 3.840303698e-02
5.444880000e+00 2.722440000e-03 -9.850444404e-01 1.109707785e+00 4.312322963e-02 -1.450770051e-02 -2.298953392e-02 9.883198578e-01 4.063282121e-02
5.472660000e+00 2.736330000e-03 -9.963136229e-01 1.025843055e+00 4.714450524e-02 -1.233729248e-02 -2.251206390e-02 9.885553847e-01 4.210263467e-02
5.500440000e+00 2.750220000e-03 -9.999990446e-01 9.412064919e-01 5.117189138e-02 -9.596589876e-03 -2.161099404e-02 9.890071973e-01 4.278455025e-02
5.528220000e+00 2.764110000e-03 -9.960726528e-01 8.564385764e-01 5.516903678e-02 -6.314058573e-03 -2.029124019e-02 9.896726427e-01 4.270674068e-02
5.556000000e+00 2.778000000e-03 -9.845643345e-01 7.721821703e-01 5.909432739e-02 -2.541944957e-03 -1.857401983e-02 9.905405870e-01 4.195595761e-02
5.583780000e+00 2.791890000e-03 -9.655616890e-01 6.890767250e-01 6.290703007e-02 1.650866228e-03 -1.648952311e-02 9.915951910e-01 4.065646346e-02
5.611560000e+00 2.805780000e-03 -9.392093608e-01 6.077546666e-01 6.656167896e-02 6.160774450e-03 -1.409681376e-02 9.928059187e-01 3.897889288e-02
5.639340000e+00 2.819670000e-03 -9.057079394e-01 5.288384222e-01 7.001335216e-02 1.086457483e-02 -1.147108519e-02 9.941341025e-01 3.710431710e-02
5.667120000e+00 2.833560000e-03 -8.653124314e-01 4.529341765e-01 7.321840164e-02 1.561581747e-02 -8.709125790e-03 9.955303252e-01 3.520307561e-02
5.694900000e+00 2.847450000e-03 -8.183303203e-01 3.806285125e-01 7.613451574e-02 2.026141631e-02 -5.916494947e-03 9.969410061e-01 3.340317750e-02
5.722680000e+00 2.861340000e-03 -7.651192254e-01 3.124823422e-01 7.872639996e-02 2.464646224e-02 -3.205034074e-03 9.983097180e-01 3.177727576e-02
5.750460000e+00 2.875230000e-03 -7.060841801e-01 2.490253446e-01 8.096578417e-02 2.862451385e-02 -6.853452588e-04 9.995809794e-01 3.033791064e-02
5.778240000e+00 2.889120000e-03 -6.416745486e-01 1.907506000e-01 8.283253178e-02 3.206708592e-02 1.541410861e-03 1.000704325e+00 2.904419144e-02
5.806020000e+00 2.903010000e-03 -5.723806054e-01 1.381098218e-01 8.431557932e-02 3.487146185e-02 3.390829430e-03 1.001637868e+00 2.782128601e-02
5.833800000e+00 2.916900000e-03 -4.987298036e-01 9.150888166e-02 8.541328028e-02 3.696113453e-02 4.796018479e-03 1.002348552e+00 2.658509878e-02
5.861580000e+00 2.930790000e-03 -4.212827599e-01 5.130421699e-02 8.612949042e-02 3.829522355e-02 5.718897660e-03 1.002817681e+00 2.526650730e-02
5.889360000e+00 2.944680000e-03 -3.406289873e-01 1.780267368e-02 8.647383897e-02 3.886834901e-02 6.149210989e-03 1.003040296e+00 2.383615085e-02
5.917140000e+00 2.958570000e-03 -2.573824080e-01 -8.746067133e-03 8.645954447e-02 3.869077010e-02 6.088708678e-03 1.003017255e+00 2.230612860e-02
5.944920000e+00 2.972460000e-03 -1.721766798e-01 -2.814331004e-02 8.610379880e-02 3.780678810e-02 5.567898009e-03 1.002763578e+00 2.073485307e-02
5.972700000e+00 2.986350000e-03 -8.566037367e-02 -4.025110767e-02 8.542383524e-02 3.626373035e-02 4.620223405e-03 1.002295610e+00 1.920994352e-02
6.000480000e+00 3.000240000e-03 1.507963902e-03 -3.551767838e-02 8.443764395e-02 3.413190379e-02 3.298273832e-03 1.001639135e+00 1.784722340e-02
6.028260000e+00 3.014130000e-03 8.866482312e-02 -3.284848983e-02 8.316319794e-02 3.148596312e-02 1.658215796e-03 1.000821701e+00 1.676635535e-02
6.056040000e+00 3.028020000e-03 1.751467816e-01 -2.280485436e-02 8.161736781e-02 2.840288804e-02 -2.416721616e-04 9.998719535e-01 1.607785453e-02
6.083820000e+00 3.041910000e-03 2.602955542e-01 -5.468991793e-03 7.981401239e-02 2.496013861e-02 -2.342975765e-03 9.988186984e-01 1.587155137e-02
6.111600000e+00 3.055800000e-03 3.434630036e-01 1.902295588e-02 7.776597876e-02 2.123910549e-02 -4.584744007e-03 9.976921345e-01 1.621188511e-02
6.139380000e+00 3.069690000e-03 4.240160742e-01 5.047688608e-02 7.549024356e-02 1.731081447e-02 -6.915722399e-03 9.965177407e-01 1.713632754e-02
6.167160000e+00 3.083580000e-03 5.013416105e-01 8.865173588e-02 7.299594358e-02 1.326614758e-02 -9.266803104e-03 9.953301868e-01 1.862971885e-02
6.194940000e+00 3.097470000e-03 5.748510242e-01 1.332548695e-01 7.029575181e-02 9.181612332e-03 -1.158266145e-02 9.941573749e-01 2.065236120e-02
6.222720000e+00 3.111360000e-03 6.439847750e-01 1.839473546e-01 6.739980563e-02 5.129288324e-03 -1.381460346e-02 9.930240997e-01 2.312441439e-02
6.250500000e+00 3.125250000e-03 7.082166291e-01 2.403443098e-01 6.432069727e-02 1.190114185e-03 -1.590426442e-02 9.919601857e-01 2.592850783e-02
6.278280000e+00 3.139140000e-03 7.670576651e-01 3.020192127e-01 6.106910456e-02 -2.566714261e-03 -1.780643075e-02 9.909889898e-01 2.892791409e-02
6.306060000e+00 3.153030000e-03 8.200599957e-01 3.685063399e-01 5.765955834e-02 -6.070728504e-03 -1.947518174e-02 9.901343458e-01 3.196352485e-02
6.333840000e+00 3.166920000e-03 8.668201765e-01 4.393038720e-01 5.410425598e-02 -9.254421749e-03 -2.086770258e-02 9.894186028e-01 3.486437613e-02
6.361620000e+00 3.180810000e-03 9.069822775e-01 5.138781889e-01 5.041778974e-02 -1.205017368e-02 -2.194083602e-02 9.888643150e-01 3.745420925e-02
6.389400000e+00 3.194700000e-03 9.402405919e-01 5.916681069e-01 4.661847351e-02 -1.440320608e-02 -2.266350862e-02 9.884879139e-01 3.957297782e-02
6.417180000e+00 3.208590000e-03 9.663419634e-01 6.720884352e-01 4.272789575e-02 -1.625742554e-02 -2.300173493e-02 9.883072245e-01 4.107257028e-02
6.444960000e+00 3.222480000e-03 9.850877131e-01 7.545342794e-01 3.876760334e-02 -1.757726885e-02 -2.293934426e-02 9.883309188e-01 4.185089038e-02
6.472740000e+00 3.236370000e-03 9.963351517e-01 8.383848799e-01 3.476345895e-02 -1.832386894e-02 -2.245350426e-02 9.885708535e-01 4.183198694e-02
6.500520000e+00 3.250260000e-03 9.999986656e-01 9.230071735e-01 3.074759056e-02 -1.848391118e-02 -2.154253971e-02 9.890279799e-01 4.099983418e-02
6.528300000e+00 3.264150000e-03 9.960503689e-01 1.007760816e+00 2.675556117e-02 -1.805628265e-02 -2.021152216e-02 9.896995837e-01 3.939145076e-02
6.556080000e+00 3.278040000e-03 9.845203153e-01 1.092003187e+00 2.282826749e-02 -1.706184671e-02 -1.848156229e-02 9.905745818e-01 3.710729772e-02
6.583860000e+00 3.291930000e-03 9.654962695e-01 1.175094524e+00 1.901004216e-02 -1.553318371e-02 -1.637965634e-02 9.916387412e-01 3.428468315e-02
6.611640000e+00 3.305820000e-03 9.391230392e-01 1.256402689e+00 1.534493368e-02 -1.354970567e-02 -1.397344165e-02 9.928571806e-01 3.112083672e-02
6.639420000e+00 3.319710000e-03 9.056013725e-01 1.335305197e+00 1.188444874e-02 -1.119986565e-02 -1.133454484e-02 9.941929983e-01 2.781601614e-02
6.667200000e+00 3.333600000e-03 8.651864305e-01 1.411195775e+00 8.674690933e-03 -8.602044724e-03 -8.560558718e-03 9.955963377e-01 2.456352493e-02
6.694980000e+00 3.347490000e-03 8.181858445e-01 1.483487831e+00 5.757449529e-03 -5.885740828e-03 -5.757931395e-03 9.970131398e-01 2.151267520e-02
6.722760000e+00 3.361380000e-03 7.649573744e-01 1.551620446e+00 3.179380610e-03 -3.186831890e-03 -3.039061824e-03 9.983866745e-01 1.875411497e-02
6.750540000e+00 3.375270000e-03 7.059061859e-01 1.615064030e+00 1.200258107e-03 -6.387280372e-04 -5.151161784e-04 9.996611661e-01 1.631364006e-02
6.778320000e+00 3.389160000e-03 6.414817659e-01 1.673325606e+00 1.279934046e-03 1.637555429e-03 1.712514798e-03 1.000786034e+00 1.415873209e-02
6.806100000e+00 3.403050000e-03 5.721745018e-01 1.725953621e+00 2.623577276e-03 3.541325505e-03 3.559243991e-03 1.001719306e+00 1.221833040e-02
6.833880000e+00 3.416940000e-03 4.985119479e-01 1.772542421e+00 3.728031730e-03 4.993939340e-03 4.958587347e-03 1.002428142e+00 1.040872626e-02
6.861660000e+00 3.430830000e-03 4.210548104e-01 1.812735508e+00 4.461313778e-03 5.949380518e-03 5.872849032e-03 1.002894039e+00 8.659662669e-03
6.889440000e+00 3.444720000e-03 3.403926791e-01 1.846226299e+00 4.827567319e-03 6.393177892e-03 6.292057293e-03 1.003112201e+00 6.934955254e-03
6.917220000e+00 3.458610000e-03 2.571395397e-01 1.872765531e+00 4.838724946e-03 6.330479187e-03 6.222604460e-03 1.003085785e+00 5.246550847e-03
6.945000000e+00 3.472500000e-03 1.719291003e-01 1.892154487e+00 4.512469639e-03 5.782015408e-03 5.683493074e-03 1.002824094e+00 3.638945616e-03
6.972780000e+00 3.486390000e-03 8.540996733e-02 1.904255034e+00 3.868077066e-03 4.798080396e-03 4.721080482e-03 1.002349885e+00 2.202676255e-03
7.000560000e+00 3.500280000e-03 -1.759290978e-03 1.899527122e+00 2.934438830e-03 3.433460864e-03 3.383796662e-03 1.001686859e+00 1.046847774e-03
7.028340000e+00 3.514170000e-03 -8.891515788e-02 1.896854044e+00 1.787794413e-03 1.752676966e-03 1.728132004e-03 1.000862722e+00 2.842749947e-04
7.056120000e+00 3.528060000e-03 -1.753942185e-01 1.886808096e+00 1.167439745e-03 -1.757767643e-04 -1.869872193e-04 9.999064328e-01 2.046352880e-05
7.083900000e+00 3.541950000e-03 -2.605382098e-01 1.869471260e+00 2.085372699e-03 -2.282070589e-03 -2.302715282e-03 9.988469955e-01 3.421885058e-04
7.111680000e+00 3.555840000e-03 -3.436990310e-01 1.844979784e+00 3.996290900e-03 -4.493442746e-03 -4.558643917e-03 9.977143095e-01 1.312842188e-03
7.139460000e+00 3.569730000e-03 -4.242436767e-01 1.813528110e+00 6.238693447e-03 -6.744976203e-03 -6.903306951e-03 9.965339623e-01 2.963509451e-03
7.167240000e+00 3.583620000e-03 -5.015590555e-01 1.775356573e+00 8.724495674e-03 -8.952539136e-03 -9.266828861e-03 9.953409882e-01 5.276810044e-03
7.195020000e+00 3.597510000e-03 -5.750566568e-01 1.730758243e+00 1.143049006e-02 -1.104620704e-02 -1.159456704e-02 9.941629480e-01 8.207796527e-03
7.222800000e+00 3.611400000e-03 -6.441770298e-01 1.680071611e+00 1.434131433e-02 -1.296115253e-02 -1.383707724e-02 9.930250037e-01 1.167257099e-02
7.250580000e+00 3.625290000e-03 -7.083940427e-01 1.623681505e+00 1.744235886e-02 -1.462328511e-02 -1.593619110e-02 9.919568843e-01 1.554839062e-02
7.278360000e+00 3.639180000e-03 -7.672188871e-01 1.562014423e+00 2.072078928e-02 -1.597193037e-02 -1.784673081e-02 9.909819340e-01 1.969240550e-02
7.306140000e+00 3.653070000e-03 -8.202037988e-01 1.495535968e+00 2.416280438e-02 -1.694635423e-02 -1.952261927e-02 9.901240721e-01 2.393879536e-02
7.333920000e+00 3.666960000e-03 -8.669454662e-01 1.424747791e+00 2.775352669e-02 -1.749049462e-02 -2.092096285e-02 9.894056941e-01 2.810983927e-02
7.361700000e+00 3.680850000e-03 -9.070881001e-01 1.350183283e+00 3.147641871e-02 -1.755015708e-02 -2.199845271e-02 9.888494352e-01 3.202250416e-02
7.389480000e+00 3.694740000e-03 -9.403261419e-01 1.272403379e+00 3.531255047e-02 -1.708675558e-02 -2.272384665e-02 9.884718098e-01 3.551063826e-02
7.417260000e+00 3.708630000e-03 -9.664065896e-01 1.191993333e+00 3.923973474e-02 -1.606683215e-02 -2.306676150e-02 9.882888129e-01 3.842450261e-02
7.445040000e+00 3.722520000e-03 -9.851309236e-01 1.109558109e+00 4.323333127e-02 -1.446490028e-02 -2.299933245e-02 9.883150184e-01 4.064353127e-02
7.472820000e+00 3.736410000e-03 -9.963566176e-01 1.025718339e+00 4.726409571e-02 -1.227867507e-02 -2.251037064e-02 9.885563768e-01 4.209867256e-02
7.500600000e+00 3.750300000e-03 -9.999982235e-01 9.411068919e-01 5.130051324e-02 -9.518606715e-03 -2.159393196e-02 9.890159733e-01 4.276321284e-02
7.528380000e+00 3.764190000e-03 -9.960280221e-01 8.563641163e-01 5.530663677e-02 -6.213397690e-03 -2.025507506e-02 9.896910746e-01 4.266702774e-02
7.556160000e+00 3.778080000e-03 -9.844762340e-01 7.721327317e-01 5.924254529e-02 -2.415906500e-03 -1.851541789e-02 9.905703353e-01 4.189901696e-02
7.583940000e+00 3.791970000e-03 -9.654307891e-01 6.890520103e-01 6.306348649e-02 1.804054265e-03 -1.640587768e-02 9.916375386e-01 4.058607410e-02
7.611720000e+00 3.805860000e-03 -9.390366582e-01 6.077543218e-01 6.672379101e-02 6.341653172e-03 -1.398652404e-02 9.928616320e-01 3.890133771e-02
7.639500000e+00 3.819750000e-03 -9.054947485e-01 5.288620979e-01 7.017922550e-02 1.107213462e-02 -1.133387266e-02 9.942032761e-01 3.702785058e-02
7.667280000e+00 3.833640000e-03 -8.650603750e-01 4.529815345e-01 7.338517882e-02 1.584752047e-02 -8.546125054e-03 9.956123430e-01 3.513666482e-02
7.695060000e+00 3.847530000e-03 -8.180413170e-01 3.806992119e-01 7.630195144e-02 2.051326652e-02 -5.730299071e-03 9.970345262e-01 3.335507582e-02
7.722840000e+00 3.861420000e-03 -7.647954750e-01 3.125760202e-01 7.889299939e-02 2.491332347e-02 -2.999491806e-03 9.984127818e-01 3.175357445e-02
7.750620000e+00 3.875310000e-03 -7.057281470e-01 2.491414818e-01 8.112958222e-02 2.890050856e-02 -4.652798948e-04 9.996911574e-01 3.034149842e-02
7.778400000e+00 3.889200000e-03 -6.412889428e-01 1.908884750e-01 8.299241651e-02 3.234610614e-02 1.770642373e-03 1.000818940e+00 2.907433211e-02
7.806180000e+00 3.903090000e-03 -5.719683621e-01 1.382685103e-01 8.447054593e-02 3.514753229e-02 3.623651602e-03 1.001754150e+00 2.787389126e-02
7.833960000e+00 3.916980000e-03 -4.982940607e-01 9.168723896e-02 8.556092920e-02 3.722905200e-02 5.027301301e-03 1.002463969e+00 2.665346515e-02
7.861740000e+00 3.930870000e-03 -4.208268343e-01 5.150086158e-02 8.626828106e-02 3.855441102e-02 5.947947138e-03 1.002931920e+00 2.534360693e-02
7.889520000e+00 3.944760000e-03 -3.401563493e-01 1.801591609e-02 8.660369567e-02 3.910781304e-02 6.364273796e-03 1.003147530e+00 2.391243944e-02
7.917300000e+00 3.958650000e-03 -2.568966553e-01 -8.518131368e-03 8.658092954e-02 3.891580813e-02 6.294675396e-03 1.003119953e+00 2.237673920e-02
7.945080000e+00 3.972540000e-03 -1.716815099e-01 -2.790286222e-02 8.621684134e-02 3.800846651e-02 5.754831927e-03 1.002856810e+00 2.079255148e-02
7.972860000e+00 3.986430000e-03 -8.515955560e-02 -4.000045170e-02 8.552865297e-02 3.644917711e-02 4.794508042e-03 1.002382576e+00 1.925366756e-02
8.000640000e+00 4.000320000e-03 2.010617944e-03 -3.527475053e-02 8.453463902e-02 3.429722064e-02 3.455113642e-03 1.001717452e+00 1.787451943e-02
8.028420000e+00 4.014210000e-03 8.916548703e-02 -3.260038471e-02 8.325289085e-02 3.163171661e-02 1.797413396e-03 1.000891272e+00 1.677752683e-02
8.056200000e+00 4.028100000e-03 1.756416444e-01 -2.255412318e-02 8.169972777e-02 2.853001042e-02 -1.199389646e-04 9.999328610e-01 1.607459411e-02
8.083980000e+00 4.041990000e-03 2.607808491e-01 -5.218110217e-03 7.988906798e-02 2.506964226e-02 -2.238307756e-03 9.988711316e-01 1.585637426e-02
8.111760000e+00 4.055880000e-03 3.439350366e-01 1.927152481e-02 7.783512856e-02 2.132849548e-02 -4.500285178e-03 9.977345033e-01 1.618881433e-02
8.139540000e+00 4.069770000e-03 4.244712523e-01 5.072078929e-02 7.555333180e-02 1.738903684e-02 -6.842889969e-03 9.965543295e-01 1.710712752e-02
8.167320000e+00 4.083660000e-03 5.017764689e-01 8.888874978e-02 7.305259674e-02 1.332692987e-02 -9.212366817e-03 9.953575831e-01 1.860002702e-02
8.195100000e+00 4.097550000e-03 5.752622530e-01 1.334829729e-01 7.034662958e-02 9.230015998e-03 -1.154174376e-02 9.941780093e-01 2.062395249e-02
8.222880000e+00 4.111440000e-03 6.443692438e-01 1.841646344e-01 6.744640921e-02 5.170539042e-03 -1.378208477e-02 9.930405330e-01 2.309716691e-02
8.250660000e+00 4.125330000e-03 7.085714115e-01 2.405490476e-01 6.436204535e-02 1.217803225e-03 -1.588663388e-02 9.919691390e-01 2.590907220e-02
8.278440000e+00 4.139220000e-03 7.673800606e-01 3.022099039e-01 6.110742509e-02 -2.547307002e-03 -1.779832247e-02 9.909931536e-01 2.891473822e-02
8.306220000e+00 4.153110000e-03 8.203475501e-01 3.686816783e-01 5.769439170e-02 -6.058086082e-03 -1.947494310e-02 9.901345455e-01 3.195662236e-02
8.334000000e+00 4.167000000e-03 8.670707012e-01 4.394627978e-01 5.413468586e-02 -9.246896057e-03 -2.087348553e-02 9.894157658e-01 3.486288756e-02
8.361780000e+00 4.180890000e-03 9.071938654e-01 5.140198734e-01 5.044286117e-02 -1.204592473e-02 -2.195055161e-02 9.888594938e-01 3.745639796e-02
8.389560000e+00 4.194780000e-03 9.404116325e-01 5.917919770e-01 4.664062709e-02 -1.440021647e-02 -2.267486557e-02 9.884822648e-01 3.957658875e-02
8.417340000e+00 4.208670000e-03 9.664711548e-01 6.721940395e-01 4.274465411e-02 -1.625343650e-02 -2.301219765e-02 9.883020287e-01 4.107482232e-02
8.445120000e+00 4.222560000e-03 9.851740719e-01 7.546212719e-01 3.877778690e-02 -1.756977022e-02 -2.294617284e-02 9.883275617e-01 4.184868745e-02
8.472900000e+00 4.236450000e-03 9.963780205e-01 8.384530079e-01 3.476682949e-02 -1.831018742e-02 -2.245382358e-02 9.885707873e-01 4.182244088e-02
8.500680000e+00 4.250340000e-03 9.999977181e-01 9.230562966e-01 3.074435519e-02 -1.846134145e-02 -2.153346358e-02 9.890326610e-01 4.098032351e-02
8.528460000e+00 4.264230000e-03 9.960056124e-01 1.007790920e+00 2.674797609e-02 -1.802221740e-02 -2.019025759e-02 9.897104177e-01 3.936016361e-02
8.556240000e+00 4.278120000e-03 9.844320904e-01 1.092014380e+00 2.281633424e-02 -1.701394591e-02 -1.844560376e-02 9.905928233e-01 3.706386246e-02
8.584020000e+00 4.292010000e-03 9.653652478e-01 1.175087044e+00 1.899560465e-02 -1.546970021e-02 -1.632705428e-02 9.916653572e-01 3.423054094e-02
8.611800000e+00 4.305900000e-03 9.389502179e-01 1.256376857e+00 1.533331900e-02 -1.346954905e-02 -1.390288044e-02 9.928928111e-01 3.105937520e-02
8.639580000e+00 4.319790000e-03 9.053880672e-01 1.335261342e+00 1.187789188e-02 -1.110292925e-02 -1.124567294e-02 9.942377916e-01 2.775251119e-02
8.667360000e+00 4.333680000e-03 8.649342648e-01 1.411134228e+00 8.675307281e-03 -8.489199252e-03 -8.453987604e-03 9.956499560e-01 2.450408929e-02
8.695140000e+00 4.347570000e-03 8.178967378e-01 1.483408960e+00 5.767976654e-03 -5.758837373e-03 -5.635276381e-03 9.970747440e-01 2.146334814e-02
8.722920000e+00 4.361460000e-03 7.646335274e-01 1.551524639e+00 3.216547272e-03 -3.048687008e-03 -2.902970131e-03 9.984549158e-01 1.871974262e-02
8.750700000e+00 4.375350000e-03 7.055500636e-01 1.614951810e+00 1.282850107e-03 -4.926180008e-04 -3.687933861e-04 9.997344277e-01 1.629694147e-02
8.778480000e+00 4.389240000e-03 6.410960792e-01 1.673197636e+00 1.471071283e-03 1.787995135e-03 1.865388458e-03 1.000862474e+00 1.415992601e-02
8.806260000e+00 4.403130000e-03 5.717621863e-01 1.725810697e+00 2.710855840e-03 3.692503669e-03 3.714912352e-03 1.001797059e+00 1.223521025e-02
8.834040000e+00 4.417020000e-03 4.980761421e-01 1.772385483e+00 3.775471486e-03 5.142515770e-03 5.113434885e-03 1.002505420e+00 1.043717821e-02
8.861820000e+00 4.430910000e-03 4.205988316e-01 1.812565659e+00 4.489243229e-03 6.096460250e-03 6.027635815e-03 1.002971244e+00 8.695520313e-03
8.889600000e+00 4.444800000e-03 3.399199981e-01 1.846044828e+00 4.839705370e-03 6.532622767e-03 6.440206456e-03 1.003186076e+00 6.972310446e-03
8.917380000e+00 4.458690000e-03 2.566537546e-01 1.872573909e+00 4.834306243e-03 6.456595401e-03 6.357926900e-03 1.003153262e+00 5.279872357e-03
8.945160000e+00 4.472580000e-03 1.714339086e-01 1.891954322e+00 4.489688146e-03 5.897875687e-03 5.808625139e-03 1.002886507e+00 3.665672785e-03
8.972940000e+00 4.486470000e-03 8.490913849e-02 1.904048012e+00 3.822442202e-03 4.906823620e-03 4.838702732e-03 1.002408581e+00 2.221759377e-03
9.000720000e+00 4.500360000e-03 -2.261944782e-03 1.899325124e+00 2.854492106e-03 3.531040535e-03 3.489405027e-03 1.001739596e+00 1.056357198e-03
9.028500000e+00 4.514250000e-03 -8.941581054e-02 1.896648887e+00 1.620629059e-03 1.839322244e-03 1.821557972e-03 1.000909418e+00 2.844649297e-04
9.056280000e+00 4.528140000e-03 -1.758890592e-01 1.886601612e+00 6.526737081e-04 -9.962379958e-05 -1.056532246e-04 9.999471264e-01 1.250952028e-05
9.084060000e+00 4.542030000e-03 -2.610234718e-01 1.869265256e+00 1.906264380e-03 -2.215822240e-03 -2.233188411e-03 9.988818221e-01 3.278380644e-04
9.111840000e+00 4.555920000e-03 -3.441710206e-01 1.844776063e+00 3.922413186e-03 -4.440242425e-03 -4.504299147e-03 9.977415670e-01 1.295182774e-03
9.139620000e+00 4.569810000e-03 -4.246988012e-01 1.813328341e+00 6.197838347e-03 -6.696203264e-03 -6.855754285e-03 9.965578423e-01 2.943348591e-03
9.167400000e+00 4.583700000e-03 -5.019938506e-01 1.775162376e+00 8.705898236e-03 -8.915222531e-03 -9.233189004e-03 9.953579071e-01 5.258806578e-03
9.195180000e+00 4.597590000e-03 -5.754678128e-01 1.730571061e+00 1.142651364e-02 -1.101554996e-02 -1.157016874e-02 9.941752374e-01 8.192773482e-03
9.222960000e+00 4.611480000e-03 -6.445614172e-01 1.679892804e+00 1.434784331e-02 -1.293227142e-02 -1.381713642e-02 9.930350604e-01 1.165960866e-02
9.250740000e+00 4.625370000e-03 -7.087487356e-01 1.623512300e+00 1.745768511e-02 -1.460306257e-02 -1.592751451e-02 9.919612741e-01 1.554345964e-02
9.278520000e+00 4.639260000e-03 -7.675411856e-01 1.561855890e+00 2.074356842e-02 -1.595534630e-02 -1.784433309e-02 9.909831605e-01 1.969333966e-02
9.306300000e+00 4.653150000e-03 -8.204912496e-01 1.495389034e+00 2.419209094e-02 -1.693220183e-02 -1.952525429e-02 9.901227602e-01 2.394512888e-02
9.334080000e+00 4.667040000e-03 -8.671958814e-01 1.424613203e+00 2.778894027e-02 -1.747744854e-02 -2.092724544e-02 9.894025424e-01 2.812033515e-02
9.361860000e+00 4.680930000e-03 -9.072995734e-01 1.350061615e+00 3.151766933e-02 -1.753673618e-02 -2.200683080e-02 9.888452291e-01 3.203528233e-02
9.389640000e+00 4.694820000e-03 -9.404970637e-01 1.272295049e+00 3.535952032e-02 -1.707131239e-02 -2.273260133e-02 9.884674205e-01 3.552336389e-02
9.417420000e+00 4.708710000e-03 -9.665356589e-01 1.191898666e+00 3.929294766e-02 -1.604755152e-02 -2.307400748e-02 9.882851963e-01 3.843458840e-02
9.445200000e+00 4.722600000e-03 -9.852171579e-01 1.109477313e+00 4.329269881e-02 -1.443983034e-02 -2.300302562e-02 9.883132097e-01 4.064842767e-02
9.472980000e+00 4.736490000e-03 -9.963993605e-01 1.025651607e+00 4.732888505e-02 -1.224578260e-02 -2.250836057e-02 9.885574627e-01 4.209617378e-02
9.500760000e+00 4.750380000e-03 -9.999971497e-01 9.410543266e-01 5.137033585e-02 -9.475897010e-03 -2.158404785e-02 9.890210470e-01 4.275178510e-02
9.528540000e+00 4.764270000e-03 -9.959831397e-01 8.563257358e-01 5.538084347e-02 -6.158998761e-03 -2.023522553e-02 9.897011849e-01 4.264605878e-02
9.556320000e+00 4.778160000e-03 -9.843878847e-01 7.721084676e-01 5.932077342e-02 -2.348281483e-03 -1.848373279e-02 9.905864140e-01 4.186906515e-02
9.584100000e+00 4.792050000e-03 -9.652996454e-01 6.890417032e-01 6.314659417e-02 1.885940685e-03 -1.636088469e-02 9.916603113e-01 4.054911641e-02
9.611880000e+00 4.805940000e-03 -9.388637183e-01 6.077577789e-01 6.681088655e-02 6.441972372e-03 -1.392346438e-02 9.928934749e-01 3.885791526e-02
9.639660000e+00 4.819830000e-03 -9.052813287e-01 5.288791186e-01 7.026824885e-02 1.118269203e-02 -1.126029412e-02 9.942403619e-01 3.698794827e-02
9.667440000e+00 4.833720000e-03 -8.648081000e-01 4.530119261e-01 7.347537642e-02 1.597084567e-02 -8.458733202e-03 9.956563078e-01 3.510225574e-02
9.695220000e+00 4.847610000e-03 -8.177521069e-01 3.807427719e-01 7.639116807e-02 2.064720369e-02 -5.630504463e-03 9.970846406e-01 3.333056693e-02
9.723000000e+00 4.861500000e-03 -7.644715314e-01 3.126325215e-01 7.898167066e-02 2.505910079e-02 -2.885294351e-03 9.984700323e-01 3.174136376e-02
9.750780000e+00 4.875390000e-03 -7.053719356e-01 2.492105921e-01 8.121661292e-02 2.905105674e-02 -3.432873112e-04 9.997522234e-01 3.034446588e-02
9.778560000e+00 4.889280000e-03 -6.409031750e-01 1.909697501e-01 8.307699387e-02 3.249813027e-02 1.897521259e-03 1.000882368e+00 2.909195764e-02
9.806340000e+00 4.903170000e-03 -5.715559743e-01 1.383613939e-01 8.455198724e-02 3.529413789e-02 3.748584900e-03 1.001816537e+00 2.790340792e-02
9.834120000e+00 4.917060000e-03 -4.978581920e-01 9.179107237e-02 8.563918795e-02 3.737117460e-02 5.151356229e-03 1.002525866e+00 2.669130121e-02
9.861900000e+00 4.930950000e-03 -4.203708023e-01 5.161485653e-02 8.634264055e-02 3.868975834e-02 6.068644558e-03 1.002992108e+00 2.538557721e-02
9.889680000e+00 4.944840000e-03 -3.396836254e-01 1.813912163e-02 8.667334652e-02 3.923838950e-02 6.483515553e-03 1.003206977e+00 2.395531546e-02
9.917460000e+00 4.958730000e-03 -2.564108377e-01 -8.386805725e-03 8.664583611e-02 3.903276537e-02 6.402936669e-03 1.003173926e+00 2.241474311e-02
9.945240000e+00 4.972620000e-03 -1.711862965e-01 -2.776463252e-02 8.627711405e-02 3.811868053e-02 5.858818185e-03 1.002908666e+00 2.082509418e-02
9.973020000e+00 4.986510000e-03 -8.465871602e-02 -3.985660463e-02 8.558437385e-02 3.654477367e-02 4.885610072e-03 1.002428030e+00 1.927701829e-02
1.000080000e+01 5.000400000e-03 2.513271477e-03 -3.513508002e-02 8.458600967e-02 3.438216413e-02 3.536942559e-03 1.001758308e+00 1.788905204e-02
1.002858000e+01 5.014290000e-03 8.966612840e-02 -3.245797294e-02 8.330014808e-02 3.170634795e-02 1.869830362e-03 1.000927462e+00 1.678354380e-02
1.005636000e+01 5.028180000e-03 1.761364628e-01 -2.241038854e-02 8.174323169e-02 2.859482509e-02 -5.685889586e-05 9.999644188e-01 1.607305391e-02
1.008414000e+01 5.042070000e-03 2.612660781e-01 -5.074422474e-03 7.992939327e-02 2.512516285e-02 -2.184371734e-03 9.988981481e-01 1.584865880e-02
1.011192000e+01 5.055960000e-03 3.444069827e-01 1.941379807e-02 7.787170066e-02 2.137539636e-02 -4.455146543e-03 9.977571441e-01 1.617667127e-02
1.013970000e+01 5.069850000e-03 4.249263232e-01 5.086035457e-02 7.558626833e-02 1.742793338e-02 -6.806176853e-03 9.965727722e-01 1.709236459e-02
1.016748000e+01 5.083740000e-03 5.022112006e-01 8.902438317e-02 7.308249010e-02 1.336240148e-02 -9.179610160e-03 9.953740623e-01 1.858279336e-02
1.019526000e+01 5.097630000e-03 5.756733364e-01 1.336135396e-01 7.037391042e-02 9.254992908e-03 -1.152026807e-02 9.941888382e-01 2.060911273e-02
1.022304000e+01 5.111520000e-03 6.447535499e-01 1.842890707e-01 6.747108133e-02 5.189700972e-03 -1.376721582e-02 9.930480508e-01 2.308436060e-02
1.025082000e+01 5.125410000e-03 7.089260149e-01 2.406663918e-01 6.438460884e-02 1.235798128e-03 -1.587373742e-02 9.919756729e-01 2.589631909e-02
1.027860000e+01 5.139300000e-03 7.677022621e-01 3.023193124e-01 6.112833376e-02 -2.537520183e-03 -1.779442998e-02 9.909951557e-01 2.890822361e-02
1.030638000e+01 5.153190000e-03 8.206348973e-01 3.687824238e-01 5.771352318e-02 -6.051716548e-03 -1.947517746e-02 9.901344689e-01 3.195342792e-02
1.033416000e+01 5.167080000e-03 8.673210068e-01 4.395542980e-01 5.415037489e-02 -9.239072244e-03 -2.087289156e-02 9.894161103e-01 3.485868433e-02
1.036194000e+01 5.180970000e-03 9.074052241e-01 5.141016645e-01 5.045715099e-02 -1.204351680e-02 -2.195581090e-02 9.888568834e-01 3.745778723e-02
1.038972000e+01 5.194860000e-03 9.405824355e-01 5.918637500e-01 4.665257670e-02 -1.439817049e-02 -2.268079658e-02 9.884793162e-01 3.957849996e-02
1.041750000e+01 5.208750000e-03 9.666001020e-01 6.722555695e-01 4.275332655e-02 -1.625044051e-02 -2.301733304e-02 9.882994830e-01 4.107571145e-02
1.044528000e+01 5.222640000e-03 9.852601817e-01 7.546723321e-01 3.878295760e-02 -1.756049119e-02 -2.294511628e-02 9.883281489e-01 4.184243786e-02
1.047306000e+01 5.236530000e-03 9.964206375e-01 8.384934292e-01 3.476920056e-02 -1.829707551e-02 -2.244885530e-02 9.885733524e-01 4.181178682e-02
1.050084000e+01 5.250420000e-03 9.999965180e-01 9.230860078e-01 3.074446658e-02 -1.844288335e-02 -2.152296792e-02 9.890380185e-01 4.096397571e-02
1.052862000e+01 5.264310000e-03 9.959606042e-01 1.007809917e+00 2.674523677e-02 -1.799696738e-02 -2.017268246e-02 9.897193475e-01 3.933730251e-02
1.055640000e+01 5.278200000e-03 9.843436167e-01 1.092022719e+00 2.281236577e-02 -1.698062179e-02 -1.841956836e-02 9.906060160e-01 3.703447455e-02
1.058418000e+01 5.292090000e-03 9.652339821e-01 1.175084908e+00 1.899221805e-02 -1.543126275e-02 -1.629534591e-02 9.916813970e-01 3.419879311e-02
1.061196000e+01 5.305980000e-03 9.387771593e-01 1.256364416e+00 1.533152301e-02 -1.341753420e-02 -1.385699779e-02 9.929159716e-01 3.102096283e-02
1.063974000e+01 5.319870000e-03 9.051745331e-01 1.335238764e+00 1.188046588e-02 -1.104533596e-02 -1.119336803e-02 9.942641503e-01 2.771618499e-02
1.066752000e+01 5.333760000e-03 8.646818805e-01 1.411101681e+00 8.683379650e-03 -8.422603587e-03 -8.391724250e-03 9.956812778e-01 2.447053262e-02
1.069530000e+01 5.347650000e-03 8.176074245e-01 1.483366633e+00 5.785536460e-03 -5.684366668e-03 -5.564036072e-03 9.971105202e-01 2.143599505e-02
1.072308000e+01 5.361540000e-03 7.643094872e-01 1.551472738e+00 3.259551691e-03 -2.963936001e-03 -2.820249868e-03 9.984963885e-01 1.870049037e-02
1.075086000e+01 5.375430000e-03 7.051937631e-01 1.614890623e+00 1.413185231e-03 -4.034575784e-04 -2.803938724e-04 9.997786816e-01 1.628859542e-02
1.077864000e+01 5.389320000e-03 6.407102304e-01 1.673127532e+00 1.654659629e-03 1.879371699e-03 1.957256569e-03 1.000908404e+00 1.416246101e-02
1.080642000e+01 5.403210000e-03 5.713497263e-01 1.725732120e+00 2.804552351e-03 3.780184475e-03 3.804235911e-03 1.001841668e+00 1.224670374e-02
1.083420000e+01 5.417100000e-03 4.976402104e-01 1.772298945e+00 3.832231117e-03 5.232515154e-03 5.206104917e-03 1.002551661e+00 1.045606798e-02
1.086198000e+01 5.430990000e-03 4.201427465e-01 1.812471787e+00 4.527248603e-03 6.179226541e-03 6.113859778e-03 1.003014244e+00 8.717420985e-03
1.088976000e+01 5.444880000e-03 3.394472313e-01 1.845944334e+00 4.865707422e-03 6.610834236e-03 6.522447933e-03 1.003227078e+00 6.994959832e-03
1.091754000e+01 5.458770000e-03 2.561679046e-01 1.872467615e+00 4.851006693e-03 6.529368692e-03 6.435042970e-03 1.003191709e+00 5.300616816e-03
1.094532000e+01 5.472660000e-03 1.709386737e-01 1.891843120e+00 4.497692495e-03 5.968501636e-03 5.883665622e-03 1.002923929e+00 3.683669204e-03
1.097310000e+01 5.486550000e-03 8.440828820e-02 1.903932890e+00 3.819994865e-03 4.967301101e-03 4.903364211e-03 1.002440843e+00 2.233716969e-03
1.100088000e+01 5.500440000e-03 -2.764598014e-03 1.899212860e+00 2.836351541e-03 3.585229897e-03 3.547319707e-03 1.001768512e+00 1.062918143e-03
1.102866000e+01 5.514330000e-03 -8.991644060e-02 1.896534818e+00 1.572680528e-03 1.887341600e-03 1.872621907e-03 1.000934935e+00 2.858172858e-04
1.105644000e+01 5.528220000e-03 -1.763838554e-01 1.886486767e+00 3.656067171e-04 -5.753037805e-05 -6.139071831e-05 9.999692680e-01 9.331010526e-06
1.108422000e+01 5.542110000e-03 -2.615086678e-01 1.869150644e+00 1.850251086e-03 -2.179327585e-03 -2.195566701e-03 9.989006635e-01 3.211229009e-04
1.111200000e+01 5.556000000e-03 -3.446429232e-01 1.844662696e+00 3.897700560e-03 -4.408951269e-03 -4.473057002e-03 9.977572331e-01 1.286178977e-03
