0.000000000e+00 0.000000000e+00 0.000000000e+00 0.000000000e+00 0.000000000e+00 -3.790370795e-17 -9.692767422e-18 1.000000000e+00 -1.410547026e-17
3.906000000e-02 1.171800000e-05 9.415176030e-01 1.347898981e-01 1.194186334e-03 1.471472523e-04 1.346991231e-04 1.000064922e+00 4.965743393e-04
7.812000000e-02 2.343600000e-05 6.345147005e-01 4.808203861e-01 2.894815400e-03 3.857137527e-04 3.311678419e-04 1.000146988e+00 3.785418621e-03
1.171800000e-01 3.515400000e-05 -5.139006324e-01 3.609315670e-01 3.725742404e-03 5.435073634e-04 4.431283626e-04 1.000210793e+00 2.227286644e-03
1.562400000e-01 4.687200000e-05 -9.808465214e-01 9.515430257e-02 2.644999934e-03 4.435352032e-04 3.732336269e-04 1.000183651e+00 6.347123763e-04
1.953000000e-01 5.859000000e-05 -1.471189118e-01 -2.041767447e-01 2.029655621e-03 4.358441089e-04 3.799802131e-04 1.000175403e+00 2.976443082e-03
2.343600000e-01 7.030800000e-05 8.816990260e-01 -1.402606901e-01 2.107797165e-03 4.629198262e-04 3.768688422e-04 1.000186171e+00 5.004586800e-04
2.734200000e-01 8.202600000e-05 7.413202222e-01 2.020482748e-01 2.823990265e-03 5.732853848e-04 4.595407891e-04 1.000218450e+00 2.345122496e-03
3.124800000e-01 9.374400000e-05 -3.821028662e-01 3.536773865e-02 3.674950926e-03 6.828567508e-04 5.397430642e-04 1.000258715e+00 2.326942869e-03
3.515400000e-01 1.054620000e-04 -9.988298906e-01 -1.946588932e-01 2.782167911e-03 5.604710789e-04 4.507224690e-04 1.000222773e+00 5.781622854e-04
3.906000000e-01 1.171800000e-04 -2.910361668e-01 -5.163404258e-01 2.221579749e-03 5.197197027e-04 4.358750731e-04 1.000202326e+00 3.197689339e-03
4.296600000e-01 1.288980000e-04 8.026925845e-01 -5.030655323e-01 2.234574990e-03 5.211086061e-04 4.164891371e-04 1.000204325e+00 8.446191305e-04
4.687200000e-01 1.406160000e-04 8.319928556e-01 -1.724465625e-01 2.563705247e-03 5.746813979e-04 4.553910757e-04 1.000218349e+00 1.948901864e-03
5.077800000e-01 1.523340000e-04 -2.419896344e-01 -3.819304775e-01 3.479342089e-03 6.824703355e-04 5.374469885e-04 1.000255624e+00 2.720735492e-03
5.468400000e-01 1.640520000e-04 -9.950763496e-01 -5.714082017e-01 2.794569597e-03 5.796857806e-04 4.585888933e-04 1.000227360e+00 4.516468369e-04
5.859000000e-01 1.757700000e-04 -4.286197838e-01 -9.085625178e-01 2.242338869e-03 5.336387641e-04 4.416685002e-04 1.000205664e+00 3.112672861e-03
6.249600000e-01 1.874880000e-04 7.062176465e-01 -8.708683163e-01 2.286069546e-03 5.377623534e-04 4.286554232e-04 1.000208618e+00 1.208701598e-03
6.640200000e-01 1.992060000e-04 9.045593489e-01 -5.591155086e-01 2.369278573e-03 5.559565320e-04 4.391521148e-04 1.000212279e+00 1.533477083e-03
7.030800000e-01 2.109240000e-04 -9.661013359e-02 -8.068586172e-01 3.278105643e-03 6.637404372e-04 5.242526184e-04 1.000247504e+00 3.025693320e-03
7.421400000e-01 2.226420000e-04 -9.696675845e-01 -9.516905374e-01 2.808402524e-03 5.864862556e-04 4.605134105e-04 1.000228486e+00 4.210583177e-04
7.812000000e-01 2.343600000e-04 -5.568756165e-01 -1.297021699e+00 2.244675055e-03 5.363006116e-04 4.404494800e-04 1.000206131e+00 2.896938404e-03
8.202600000e-01 2.460780000e-04 5.943737356e-01 -1.209173252e+00 2.351107681e-03 5.496491676e-04 4.387796158e-04 1.000211668e+00 1.616400490e-03
8.593200000e-01 2.577960000e-04 9.574404829e-01 -9.230357792e-01 2.272833241e-03 5.417949871e-04 4.271576721e-04 1.000208215e+00 1.141584703e-03
8.983800000e-01 2.695140000e-04 5.087183316e-02 -6.423968968e-01 3.085281888e-03 6.435920786e-04 5.105741465e-04 1.000239655e+00 3.226456797e-03
9.374400000e-01 2.812320000e-04 -9.231565504e-01 -7.394482853e-01 2.830869557e-03 5.922807504e-04 4.634096377e-04 1.000229515e+00 5.072262338e-04
9.765000000e-01 2.929500000e-04 -6.730125135e-01 -1.085481157e+00 2.244768260e-03 5.361927618e-04 4.373862408e-04 1.000206155e+00 2.583955465e-03
1.015560000e+00 3.046680000e-04 4.695948410e-01 -9.493800196e-01 2.417444226e-03 5.600644804e-04 4.482489017e-04 1.000214303e+00 2.041137710e-03
1.054620000e+00 3.163860000e-04 9.894854386e-01 -6.950520370e-01 2.245445584e-03 5.342873908e-04 4.203898219e-04 1.000206461e+00 8.118282170e-04
1.093680000e+00 3.281040000e-04 1.972467080e-01 -3.875925143e-01 2.902651349e-03 6.240674212e-04 4.971241889e-04 1.000232501e+00 3.310175375e-03
1.132740000e+00 3.398220000e-04 -8.565554377e-01 -4.347627676e-01 2.856469358e-03 5.981395258e-04 4.674938963e-04 1.000230572e+00 7.071743747e-04
1.171800000e+00 3.515400000e-04 -7.745030602e-01 -7.740069934e-01 2.244741745e-03 5.352345662e-04 4.336419368e-04 1.000206167e+00 2.204465500e-03
1.210860000e+00 3.632580000e-04 3.345964475e-01 -5.925992879e-01 2.469956435e-03 5.683859420e-04 4.561974122e-04 1.000216264e+00 2.448282380e-03
1.249920000e+00 3.749760000e-04 9.999968417e-01 -3.755862543e-01 2.245984794e-03 5.326392819e-04 4.182350971e-04 1.000206563e+00 5.735352458e-04
1.288980000e+00 3.866940000e-04 3.393290262e-01 -4.796175464e-02 2.734943230e-03 6.055395635e-04 4.839016997e-04 1.000226073e+00 3.270450067e-03
1.328040000e+00 3.984120000e-04 -7.713136448e-01 -5.169346256e-02 2.879098843e-03 6.037511787e-04 4.722762650e-04 1.000231491e+00 1.005197076e-03
1.367100000e+00 4.101300000e-04 -8.591385813e-01 -3.768055540e-01 2.245423221e-03 5.344561560e-04 4.300172378e-04 1.000206400e+00 1.792363423e-03
1.406160000e+00 4.218480000e-04 1.923164408e-01 -1.540181619e-01 2.500566382e-03 5.739219483e-04 4.618962939e-04 1.000217357e+00 2.803388294e-03
1.445220000e+00 4.335660000e-04 9.887459391e-01 2.098227961e-02 2.269802502e-03 5.357122409e-04 4.199499859e-04 1.000208049e+00 4.471687441e-04
1.484280000e+00 4.452840000e-04 4.740267390e-01 3.616795247e-01 2.584599545e-03 5.883202998e-04 4.710362524e-04 1.000220419e+00 3.110751121e-03
1.523340000e+00 4.570020000e-04 -6.692862356e-01 3.071266919e-01 2.893019822e-03 6.084878840e-04 4.770754302e-04 1.000232053e+00 1.376673975e-03
1.562400000e+00 4.687200000e-04 -9.250772068e-01 3.184229168e-03 2.253275542e-03 5.346149815e-04 4.271955193e-04 1.000207017e+00 1.384067551e-03
1.601460000e+00 4.804380000e-04 4.585117181e-02 2.625286788e-01 2.506284640e-03 5.763491983e-04 4.649474889e-04 1.000217532e+00 3.076147272e-03
1.640520000e+00 4.921560000e-04 9.559775771e-01 3.917283141e-01 2.323687705e-03 5.422947999e-04 4.247302719e-04 1.000210463e+00 4.433689167e-04
1.679580000e+00 5.038740000e-04 5.984085044e-01 7.381232247e-01 2.455293517e-03 5.727612942e-04 4.587879797e-04 1.000215601e+00 2.845148449e-03
1.718640000e+00 5.155920000e-04 -5.526935687e-01 6.339304534e-01 2.894155815e-03 6.118055455e-04 4.812800680e-04 1.000232108e+00 1.789941329e-03
1.757700000e+00 5.273100000e-04 -9.708839558e-01 3.577370180e-01 2.273923553e-03 5.362884745e-04 4.257558975e-04 1.000208128e+00 1.015497544e-03
1.796760000e+00 5.390280000e-04 -1.016119276e-01 6.744953085e-02 2.489157499e-03 5.757059436e-04 4.652513306e-04 1.000216854e+00 3.243395151e-03
1.835820000e+00 5.507460000e-04 9.024048731e-01 1.480515794e-01 2.398833503e-03 5.511893136e-04 4.317437349e-04 1.000213386e+00 5.623573491e-04
1.874880000e+00 5.624640000e-04 7.097674799e-01 4.926457135e-01 2.356871317e-03 5.593608072e-04 4.476015537e-04 1.000211729e+00 2.496084551e-03
1.913940000e+00 5.741820000e-04 -4.240729774e-01 3.410685847e-01 2.879581905e-03 6.132205834e-04 4.843211150e-04 1.000231549e+00 2.209630821e-03
1.953000000e+00 5.859000000e-04 -9.955619646e-01 9.860281459e-02 2.310890453e-03 5.398102141e-04 4.260949377e-04 1.000209773e+00 7.188085781e-04
1.992060000e+00 5.976180000e-04 -2.468637102e-01 -2.163438886e-01 2.454261604e-03 5.723290907e-04 4.629661334e-04 1.000215472e+00 3.291102033e-03
2.031120000e+00 6.093360000e-04 8.291936963e-01 -1.860841335e-01 2.480151211e-03 5.612377248e-04 4.401313938e-04 1.000216439e+00 7.937527839e-04
2.070180000e+00 6.210540000e-04 8.056802297e-01 1.492497621e-01 2.289598939e-03 5.485620627e-04 4.379314623e-04 1.000208882e+00 2.093676213e-03
2.109240000e+00 6.327720000e-04 -2.862235511e-01 -4.643045624e-02 2.847795824e-03 6.123752730e-04 4.857146648e-04 1.000230309e+00 2.599962463e-03
2.148300000e+00 6.444900000e-04 -9.985741811e-01 -2.499200336e-01 2.365702019e-03 5.452388358e-04 4.283837987e-04 1.000211909e+00 5.199654949e-04
2.187360000e+00 6.562080000e-04 -3.867431523e-01 -5.827083709e-01 2.408418116e-03 5.668764053e-04 4.585482792e-04 1.000213637e+00 3.214994382e-03
2.226420000e+00 6.679260000e-04 7.379372959e-01 -5.619708087e-01 2.557910052e-03 5.713371330e-04 4.490250218e-04 1.000219287e+00 1.117548588e-03
2.265480000e+00 6.796440000e-04 8.840594646e-01 -2.431560613e-01 2.254939489e-03 5.407534085e-04 4.302264621e-04 1.000207113e+00 1.672508351e-03
2.304540000e+00 6.913620000e-04 -1.421452208e-01 -4.787033991e-01 2.799038261e-03 6.091219630e-04 4.851454223e-04 1.000228397e+00 2.927506886e-03
2.343600000e+00 7.030800000e-04 -9.798550524e-01 -6.388119654e-01 2.431752806e-03 5.523905065e-04 4.325821842e-04 1.000214428e+00 4.365390542e-04
2.382660000e+00 7.147980000e-04 -5.182061451e-01 -9.822381077e-01 2.358298073e-03 5.601219895e-04 4.525752145e-04 1.000211603e+00 3.022077571e-03
2.421720000e+00 7.265160000e-04 6.306216276e-01 -9.109521640e-01 2.622278829e-03 5.804860994e-04 4.575743857e-04 1.000221641e+00 1.506014231e-03
2.460780000e+00 7.382340000e-04 9.431994664e-01 -6.155579345e-01 2.245168872e-03 5.361986797e-04 4.248680968e-04 1.000206434e+00 1.268589252e-03
2.499840000e+00 7.499520000e-04 5.026527079e-03 -3.452424386e-01 2.734344604e-03 6.035260611e-04 4.824811120e-04 1.000225887e+00 3.164155474e-03
2.538900000e+00 7.616700000e-04 -9.398119511e-01 -4.585042553e-01 2.505246178e-03 5.608518302e-04 4.384326063e-04 1.000217165e+00 4.759338514e-04
2.577960000e+00 7.733880000e-04 -6.383917417e-01 -8.051340721e-01 2.310591441e-03 5.529233150e-04 4.457420464e-04 1.000209635e+00 2.729083633e-03
2.617020000e+00 7.851060000e-04 5.095821354e-01 -6.848429656e-01 2.667263324e-03 5.878994891e-04 4.650641215e-04 1.000223311e+00 1.925442619e-03
2.656080000e+00 7.968240000e-04 9.818132083e-01 -4.192636785e-01 2.250641804e-03 5.349672482e-04 4.220953597e-04 1.000206792e+00 9.167444650e-04
2.695140000e+00 8.085420000e-04 1.520888858e-01 -1.200315830e-01 2.657428515e-03 5.958499084e-04 4.777714565e-04 1.000222903e+00 3.289771135e-03
2.734200000e+00 8.202600000e-04 -8.793163102e-01 -1.839949091e-01 2.579915412e-03 5.700263213e-04 4.454940522e-04 1.000219914e+00 6.350406998e-04
2.773260000e+00 8.319780000e-04 -7.446844182e-01 -5.263250292e-01 2.274559610e-03 5.461588343e-04 4.388045997e-04 1.000207985e+00 2.361534787e-03
2.812320000e+00 8.436960000e-04 3.774529259e-01 -3.596327319e-01 2.690478599e-03 5.929430622e-04 4.708578377e-04 1.000224156e+00 2.339734768e-03
2.851380000e+00 8.554140000e-04 9.990603635e-01 -1.296173258e-01 2.276241457e-03 5.369308727e-04 4.219870670e-04 1.000208076e+00 6.472779077e-04
2.890440000e+00 8.671320000e-04 2.958414292e-01 1.920539101e-01 2.572020940e-03 5.865937769e-04 4.713039250e-04 1.000219644e+00 3.293562542e-03
2.929500000e+00 8.788500000e-04 -7.996846585e-01 1.787734628e-01 2.648404827e-03 5.792252438e-04 4.532039494e-04 1.000222460e+00 9.002880630e-04
2.968560000e+00 8.905680000e-04 -8.347709935e-01 -1.518465111e-01 2.253228100e-03 5.406331424e-04 4.325045610e-04 1.000206868e+00 1.951033958e-03
3.007620000e+00 9.022860000e-04 2.371094445e-01 5.763859672e-02 2.690514825e-03 5.952222133e-04 4.744850414e-04 1.000224118e+00 2.713379595e-03
3.046680000e+00 9.140040000e-04 9.945655929e-01 2.471110466e-01 2.325230146e-03 5.417529830e-04 4.244394262e-04 1.000210119e+00 4.832633272e-04
3.085740000e+00 9.257220000e-04 4.331557606e-01 5.842581422e-01 2.485440458e-03 5.764237305e-04 4.635335725e-04 1.000216340e+00 3.174811302e-03
3.124800000e+00 9.374400000e-04 -7.026499698e-01 5.465681764e-01 2.704973810e-03 5.876969866e-04 4.609071040e-04 1.000224588e+00 1.249109454e-03
3.163860000e+00 9.491580000e-04 -9.066909699e-01 2.348151177e-01 2.245597536e-03 5.369846582e-04 4.274812496e-04 1.000206426e+00 1.533333699e-03
3.202920000e+00 9.608760000e-04 9.160589861e-02 4.825583048e-01 2.668251864e-03 5.946134638e-04 4.756863698e-04 1.000223226e+00 3.014258781e-03
3.241980000e+00 9.725940000e-04 9.684267135e-01 6.273863222e-01 2.393629418e-03 5.488968842e-04 4.291599284e-04 1.000212705e+00 4.388652366e-04
3.281040000e+00 9.843120000e-04 5.610435942e-01 9.727110979e-01 2.406244627e-03 5.660302226e-04 4.549827836e-04 1.000213201e+00 2.944280177e-03
3.320100000e+00 9.960300000e-04 -5.903239494e-01 8.848667495e-01 2.745431758e-03 5.947242628e-04 4.679245394e-04 1.000226106e+00 1.651597617e-03
3.359160000e+00 1.007748000e-03 -9.588791979e-01 5.987291031e-01 2.251741547e-03 5.356839461e-04 4.242661527e-04 1.000206747e+00 1.144437479e-03
3.398220000e+00 1.019466000e-03 -5.589120917e-02 3.180907563e-01 2.626271814e-03 5.912436008e-04 4.744082328e-04 1.000221581e+00 3.216569991e-03
3.437280000e+00 1.031184000e-03 9.212125693e-01 4.151393169e-01 2.469293643e-03 5.576775743e-04 4.356977309e-04 1.000215589e+00 5.179381496e-04
3.476340000e+00 1.042902000e-03 6.767217870e-01 7.611664890e-01 2.337250238e-03 5.562368890e-04 4.463411164e-04 1.000210474e+00 2.621374416e-03
3.515400000e+00 1.054620000e-03 -4.651510781e-01 6.250694210e-01 2.766591574e-03 5.997396326e-04 4.736715139e-04 1.000226893e+00 2.072936952e-03
3.554460000e+00 1.066338000e-03 -9.901999377e-01 3.707412122e-01 2.274677343e-03 5.369583889e-04 4.232045604e-04 1.000207838e+00 8.178778847e-04
3.593520000e+00 1.078056000e-03 -2.021719915e-01 6.328267370e-02 2.568101880e-03 5.854567035e-04 4.707890184e-04 1.000219337e+00 3.303159644e-03
3.632580000e+00 1.089774000e-03 8.539506522e-01 1.104509927e-01 2.547343777e-03 5.672733870e-04 4.434405788e-04 1.000218496e+00 7.136993227e-04
3.671640000e+00 1.101492000e-03 7.776729069e-01 4.496901635e-01 2.286400327e-03 5.477594995e-04 4.382529188e-04 1.000208344e+00 2.234312187e-03
3.710700000e+00 1.113210000e-03 -3.298554149e-01 2.682865150e-01 2.766698628e-03 6.022931161e-04 4.776292229e-04 1.000226869e+00 2.477012243e-03
3.749760000e+00 1.124928000e-03 -9.999715757e-01 5.127310452e-02 2.317808364e-03 5.407834599e-04 4.244357612e-04 1.000209627e+00 5.820126576e-04
3.788820000e+00 1.136646000e-03 -3.440530313e-01 -2.763501281e-01 2.500836400e-03 5.778522176e-04 4.652170144e-04 1.000216728e+00 3.266372190e-03
3.827880000e+00 1.148364000e-03 7.681047413e-01 -2.726172383e-01 2.619442322e-03 5.768591251e-04 4.517303368e-04 1.000221182e+00 1.009239872e-03
3.866940000e+00 1.160082000e-03 8.617000178e-01 5.249042710e-02 2.257390034e-03 5.412696126e-04 4.313725212e-04 1.000206974e+00 1.816146405e-03
3.906000000e+00 1.171800000e-03 -1.873813146e-01 -1.702929438e-01 2.745591151e-03 6.021399052e-04 4.794268520e-04 1.000226021e+00 2.829166653e-03
3.945060000e+00 1.183518000e-03 -9.879814578e-01 -3.452939822e-01 2.380570607e-03 5.469018530e-04 4.278940352e-04 1.000211980e+00 4.572432038e-04
3.984120000e+00 1.195236000e-03 -4.784466602e-01 -6.859898150e-01 2.432462563e-03 5.691729636e-04 4.582295321e-04 1.000214007e+00 3.109314761e-03
4.023180000e+00 1.206954000e-03 6.655430474e-01 -6.314364971e-01 2.678479349e-03 5.855628138e-04 4.598113626e-04 1.000223393e+00 1.379351499e-03
4.062240000e+00 1.218672000e-03 9.269744902e-01 -3.274978778e-01 2.246808208e-03 5.372670993e-04 4.262492916e-04 1.000206459e+00 1.402972367e-03
4.101300000e+00 1.230390000e-03 -4.082935198e-02 -5.868383519e-01 2.704644231e-03 5.992703310e-04 4.788835921e-04 1.000224408e+00 3.099102323e-03
4.140360000e+00 1.242108000e-03 -9.544905175e-01 -7.160388158e-01 2.452360993e-03 5.548341646e-04 4.333043525e-04 1.000214705e+00 4.543352062e-04
4.179420000e+00 1.253826000e-03 -6.024281537e-01 -1.062432260e+00 2.366911318e-03 5.601860402e-04 4.504290668e-04 1.000211407e+00 2.845951804e-03
4.218480000e+00 1.265544000e-03 5.484975564e-01 -9.582395475e-01 2.720100666e-03 5.926665273e-04 4.670125183e-04 1.000224952e+00 1.792042223e-03
4.257540000e+00 1.277262000e-03 9.720757966e-01 -6.820493574e-01 2.255354926e-03 5.360418073e-04 4.232813756e-04 1.000206822e+00 1.030517388e-03
4.296600000e+00 1.288980000e-03 1.066111543e-01 -3.917657728e-01 2.646951917e-03 5.938937789e-04 4.760076879e-04 1.000222150e+00 3.263731286e-03
4.335660000e+00 1.300698000e-03 -9.002275971e-01 -4.723688792e-01 2.528397483e-03 5.639431228e-04 4.402270697e-04 1.000217582e+00 5.736911286e-04
4.374720000e+00 1.312416000e-03 -7.132993801e-01 -8.169615985e-01 2.310251175e-03 5.517566416e-04 4.425529351e-04 1.000209186e+00 2.498658770e-03
4.413780000e+00 1.324134000e-03 4.195154562e-01 -6.653849725e-01 2.741106523e-03 5.975793146e-04 4.727314422e-04 1.000225734e+00 2.211643926e-03
4.452840000e+00 1.335852000e-03 9.960224256e-01 -4.229218575e-01 2.282986173e-03 5.376709754e-04 4.227024111e-04 1.000208021e+00 7.307517394e-04
4.491900000e+00 1.347570000e-03 2.517315487e-01 -1.079788975e-01 2.576788102e-03 5.864532120e-04 4.710310134e-04 1.000219431e+00 3.309060983e-03
4.530960000e+00 1.359288000e-03 -8.263735866e-01 -1.382399881e-01 2.602542241e-03 5.734568414e-04 4.480620013e-04 1.000220359e+00 8.050814980e-04
4.570020000e+00 1.371006000e-03 -8.086475183e-01 -4.735725735e-01 2.272148232e-03 5.446356861e-04 4.352876805e-04 1.000207538e+00 2.097581515e-03
4.609080000e+00 1.382724000e-03 2.814037036e-01 -2.778932223e-01 2.740162281e-03 5.998756834e-04 4.764668798e-04 1.000225666e+00 2.602189442e-03
4.648140000e+00 1.394442000e-03 9.982932416e-01 -7.440574532e-02 2.331647278e-03 5.419915213e-04 4.245438141e-04 1.000209943e+00 5.295042065e-04
4.687200000e+00 1.406160000e-03 3.913736668e-01 2.583790257e-01 2.501281183e-03 5.776154139e-04 4.644023474e-04 1.000216499e+00 3.230772871e-03
4.726260000e+00 1.417878000e-03 -7.345357247e-01 2.376430343e-01 2.667449933e-03 5.825954304e-04 4.561617772e-04 1.000222811e+00 1.128620210e-03
4.765320000e+00 1.429596000e-03 -8.863975665e-01 -8.117057221e-02 2.252182723e-03 5.394780329e-04 4.292821803e-04 1.000206616e+00 1.677367569e-03
4.804380000e+00 1.441314000e-03 1.371679383e-01 1.543756177e-01 2.717581881e-03 5.993744657e-04 4.779052687e-04 1.000224758e+00 2.930118182e-03
4.843440000e+00 1.453032000e-03 9.788388262e-01 3.144826127e-01 2.398390293e-03 5.486160572e-04 4.286347581e-04 1.000212417e+00 4.442377196e-04
4.882500000e+00 1.464750000e-03 5.224985647e-01 6.579053957e-01 2.428095778e-03 5.680767024e-04 4.566305353e-04 1.000213572e+00 3.035892455e-03
4.921560000e+00 1.476468000e-03 -6.267126214e-01 5.866212118e-01 2.717857975e-03 5.905505867e-04 4.637992045e-04 1.000224710e+00 1.516686731e-03
4.960620000e+00 1.488186000e-03 -9.448574988e-01 2.912278959e-01 2.250066507e-03 5.367703939e-04 4.250797807e-04 1.000206514e+00 1.274057499e-03
4.999680000e+00 1.499904000e-03 -1.005292716e-02 2.091373276e-02 2.675234854e-03 5.961394553e-04 4.769341178e-04 1.000223094e+00 3.167228382e-03
5.038740000e+00 1.511622000e-03 9.380825537e-01 1.341744817e-01 2.471804747e-03 5.569624161e-04 4.346099237e-04 1.000215222e+00 4.822599783e-04
5.077800000e+00 1.523340000e-03 6.422526532e-01 4.808011971e-01 2.359946809e-03 5.586752502e-04 4.484017201e-04 1.000210913e+00 2.741154200e-03
5.116860000e+00 1.535058000e-03 -5.052507632e-01 3.605120590e-01 2.749554591e-03 5.966736438e-04 4.703390196e-04 1.000225907e+00 1.935613651e-03
5.155920000e+00 1.546776000e-03 -9.827550885e-01 9.493347860e-02 2.267716317e-03 5.367644220e-04 4.230486901e-04 1.000207242e+00 9.225547712e-04
5.194980000e+00 1.558494000e-03 -1.570550170e-01 -2.042971608e-01 2.616917277e-03 5.904490590e-04 4.736272500e-04 1.000220811e+00 3.293318781e-03
5.234040000e+00 1.570212000e-03 8.769113775e-01 -1.403344342e-01 2.548204378e-03 5.663048948e-04 4.419473079e-04 1.000218114e+00 6.403624410e-04
5.273100000e+00 1.581930000e-03 7.480297989e-01 2.019928477e-01 2.303968402e-03 5.501824823e-04 4.403858117e-04 1.000208730e+00 2.372056600e-03
5.312160000e+00 1.593648000e-03 -3.727934488e-01 3.530267041e-02 2.760398711e-03 6.004506901e-04 4.752276348e-04 1.000226301e+00 2.349357958e-03
5.351220000e+00 1.605366000e-03 -9.992655940e-01 -1.947122734e-01 2.304815822e-03 5.394829607e-04 4.233739712e-04 1.000208743e+00 6.532350845e-04
5.390280000e+00 1.617084000e-03 -3.006392168e-01 -5.163819661e-01 2.547963825e-03 5.828128223e-04 4.682825052e-04 1.000218112e+00 3.297520921e-03
5.429340000e+00 1.628802000e-03 7.966565275e-01 -5.031017478e-01 2.620493359e-03 5.758503245e-04 4.500217523e-04 1.000220846e+00 9.049191618e-04
5.468400000e+00 1.640520000e-03 8.375280400e-01 -1.724843004e-01 2.268334859e-03 5.433463932e-04 4.332864365e-04 1.000207218e+00 1.960184572e-03
5.507460000e+00 1.652238000e-03 -2.322232638e-01 -3.819671909e-01 2.749565502e-03 6.015455693e-04 4.780283709e-04 1.000225852e+00 2.722444895e-03
5.546520000e+00 1.663956000e-03 -9.940297074e-01 -5.714394417e-01 2.362792980e-03 5.447116704e-04 4.260365183e-04 1.000210892e+00 4.892173666e-04
5.585580000e+00 1.675674000e-03 -4.376807933e-01 -9.085849953e-01 2.475411298e-03 5.739523333e-04 4.614096450e-04 1.000215256e+00 3.179076168e-03
5.624640000e+00 1.687392000e-03 6.990645398e-01 -8.708951837e-01 2.681798692e-03 5.847629335e-04 4.581230727e-04 1.000223175e+00 1.253269137e-03
5.663700000e+00 1.699110000e-03 9.087996824e-01 -5.591443459e-01 2.251438261e-03 5.387315925e-04 4.276918760e-04 1.000206496e+00 1.541290952e-03
5.702760000e+00 1.710828000e-03 -8.659934910e-02 -8.068852484e-01 2.717939532e-03 5.998617187e-04 4.784921382e-04 1.000224593e+00 3.022765343e-03
5.741820000e+00 1.722546000e-03 -9.671613740e-01 -9.517133138e-01 2.432663264e-03 5.520142391e-04 4.308126008e-04 1.000213506e+00 4.447183911e-04
5.780880000e+00 1.734264000e-03 -5.651973965e-01 -1.297036593e+00 2.405849612e-03 5.645915867e-04 4.535566490e-04 1.000212465e+00 2.948779116e-03
5.819940000e+00 1.745982000e-03 5.862592479e-01 -1.209192711e+00 2.727339799e-03 5.922753383e-04 4.655459198e-04 1.000224897e+00 1.655491936e-03
5.859000000e+00 1.757700000e-03 9.602936857e-01 -9.230569724e-01 2.255144855e-03 5.367341067e-04 4.240789049e-04 1.000206623e+00 1.151352729e-03
5.898060000e+00 1.769418000e-03 6.090917303e-02 -6.424209477e-01 2.667965283e-03 5.955342309e-04 4.765638933e-04 1.000222625e+00 3.224529185e-03
5.937120000e+00 1.781136000e-03 -9.192453127e-01 -7.394697903e-01 2.506876625e-03 5.607757025e-04 4.372959036e-04 1.000216363e+00 5.236395217e-04
5.976180000e+00 1.792854000e-03 -6.804139624e-01 -1.085495557e+00 2.341135592e-03 5.555938219e-04 4.454461929e-04 1.000210005e+00 2.625980251e-03
6.015240000e+00 1.804572000e-03 4.606955626e-01 -9.493991979e-01 2.753316078e-03 5.977802610e-04 4.716855267e-04 1.000225881e+00 2.076693821e-03
6.054300000e+00 1.816290000e-03 9.908894182e-01 -6.950725427e-01 2.279965524e-03 5.375293659e-04 4.227583548e-04 1.000207587e+00 8.238977358e-04
6.093360000e+00 1.828008000e-03 2.070921669e-01 -3.876162920e-01 2.603968499e-03 5.889214484e-04 4.723937508e-04 1.000220108e+00 3.310604367e-03
6.132420000e+00 1.839726000e-03 -8.513242907e-01 -4.347851298e-01 2.582153391e-03 5.702389634e-04 4.449195282e-04 1.000219212e+00 7.192218301e-04
6.171480000e+00 1.851444000e-03 -7.808231048e-01 -7.740230258e-01 2.292255411e-03 5.477101863e-04 4.377474912e-04 1.000208070e+00 2.238946037e-03
6.210540000e+00 1.863162000e-03 3.251060481e-01 -5.926202825e-01 2.757914110e-03 6.007932599e-04 4.759988985e-04 1.000226036e+00 2.480710925e-03
6.249600000e+00 1.874880000e-03 9.999210442e-01 -3.756080830e-01 2.324119958e-03 5.410447858e-04 4.238380376e-04 1.000209304e+00 5.872728952e-04
6.288660000e+00 1.886598000e-03 3.487683436e-01 -4.798706934e-02 2.531673879e-03 5.806406239e-04 4.663822364e-04 1.000217281e+00 3.273338262e-03
6.327720000e+00 1.898316000e-03 -7.648764307e-01 -5.171920102e-02 2.650394411e-03 5.796182114e-04 4.530475550e-04 1.000221818e+00 1.014577723e-03
6.366780000e+00 1.910034000e-03 -8.642396824e-01 -3.768257395e-01 2.262296190e-03 5.416549293e-04 4.311493927e-04 1.000206841e+00 1.820729630e-03
6.405840000e+00 1.921752000e-03 1.824414539e-01 -1.540434326e-01 2.740907647e-03 6.010537648e-04 4.781080559e-04 1.000225344e+00 2.832857480e-03
6.444900000e+00 1.933470000e-03 9.871920140e-01 2.095671116e-02 2.388018276e-03 5.469773109e-04 4.272206856e-04 1.000211622e+00 4.618711032e-04
6.483960000e+00 1.945188000e-03 4.828544929e-01 3.616504224e-01 2.458719085e-03 5.713862741e-04 4.590218870e-04 1.000214375e+00 3.115776022e-03
6.523020000e+00 1.956906000e-03 -6.617830434e-01 3.070980231e-01 2.706130182e-03 5.880854129e-04 4.609575680e-04 1.000223944e+00 1.384527317e-03
6.562080000e+00 1.968624000e-03 -9.288483525e-01 3.160327594e-03 2.251814281e-03 5.379519146e-04 4.262169383e-04 1.000206422e+00 1.407428241e-03
6.601140000e+00 1.980342000e-03 3.580650055e-02 2.624996382e-01 2.703698436e-03 5.985495969e-04 4.778359616e-04 1.000223867e+00 3.102817267e-03
6.640200000e+00 1.992060000e-03 9.529793415e-01 3.916995291e-01 2.459655349e-03 5.548139721e-04 4.326084730e-04 1.000214339e+00 4.584502549e-04
6.679260000e+00 2.003778000e-03 6.064325819e-01 7.380909903e-01 2.389543901e-03 5.619415810e-04 4.509336144e-04 1.000211633e+00 2.851943661e-03
6.718320000e+00 2.015496000e-03 -5.442876857e-01 6.338993831e-01 2.744591867e-03 5.949213074e-04 4.679679524e-04 1.000225408e+00 1.797051903e-03
6.757380000e+00 2.027214000e-03 -9.732430768e-01 3.577099373e-01 2.263832341e-03 5.369215627e-04 4.233700746e-04 1.000206847e+00 1.034810630e-03
6.796440000e+00 2.038932000e-03 -1.116076873e-01 6.742756174e-02 2.649309419e-03 5.934914989e-04 4.751952931e-04 1.000221726e+00 3.267483109e-03
6.835500000e+00 2.050650000e-03 8.980275758e-01 1.480304061e-01 2.534558854e-03 5.638911168e-04 4.395456039e-04 1.000217224e+00 5.773931331e-04
6.874560000e+00 2.062368000e-03 7.168132581e-01 4.926212927e-01 2.327379225e-03 5.531368809e-04 4.428226924e-04 1.000209296e+00 2.504169246e-03
6.913620000e+00 2.074086000e-03 -4.149473356e-01 3.410459235e-01 2.762885322e-03 5.995688989e-04 4.735020369e-04 1.000226098e+00 2.216497965e-03
6.952680000e+00 2.085804000e-03 -9.964577209e-01 9.858336770e-02 2.296408881e-03 5.386660658e-04 4.228609743e-04 1.000208082e+00 7.348592160e-04
6.991740000e+00 2.097522000e-03 -2.565930269e-01 -2.163583306e-01 2.582822995e-03 5.863033967e-04 4.703981177e-04 1.000219097e+00 3.312834462e-03
7.030800000e+00 2.109240000e-03 8.235325976e-01 -1.860972683e-01 2.608076057e-03 5.734168384e-04 4.474188880e-04 1.000220022e+00 8.084769740e-04
7.069860000e+00 2.120958000e-03 8.115943756e-01 1.492336717e-01 2.283636979e-03 5.457304675e-04 4.353860820e-04 1.000207564e+00 2.102636543e-03
7.108920000e+00 2.132676000e-03 -2.765767462e-01 -4.644431637e-02 2.759664130e-03 6.016180219e-04 4.770706628e-04 1.000225947e+00 2.606904114e-03
7.147980000e+00 2.144394000e-03 -9.979870790e-01 -2.499314372e-01 2.348680439e-03 5.430414107e-04 4.247341719e-04 1.000210021e+00 5.334084345e-04
7.187040000e+00 2.156112000e-03 -3.959942929e-01 -5.827149592e-01 2.509978852e-03 5.776627151e-04 4.639084088e-04 1.000216234e+00 3.234510061e-03
7.226100000e+00 2.167830000e-03 7.311155947e-01 -5.619791768e-01 2.672624049e-03 5.825907012e-04 4.555672534e-04 1.000222499e+00 1.131775742e-03
7.265160000e+00 2.179548000e-03 8.887132725e-01 -2.431670229e-01 2.258355667e-03 5.403476876e-04 4.292478705e-04 1.000206578e+00 1.681977858e-03
7.304220000e+00 2.191266000e-03 -1.321871900e-01 -4.787117803e-01 2.735224633e-03 6.008888654e-04 4.783584393e-04 1.000224964e+00 2.934696768e-03
7.343280000e+00 2.202984000e-03 -9.777978685e-01 -6.388186170e-01 2.416108465e-03 5.496752325e-04 4.288278231e-04 1.000212497e+00 4.479531946e-04
7.382340000e+00 2.214702000e-03 -5.267777828e-01 -9.822402006e-01 2.438476135e-03 5.682886843e-04 4.562544705e-04 1.000213367e+00 3.039591197e-03
7.421400000e+00 2.226420000e-03 6.227877805e-01 -9.109564575e-01 2.722978246e-03 5.905923172e-04 4.632541822e-04 1.000224424e+00 1.519681384e-03
7.460460000e+00 2.238138000e-03 9.464916584e-01 -6.155644130e-01 2.254870649e-03 5.374680146e-04 4.249469315e-04 1.000206428e+00 1.278242170e-03
7.499520000e+00 2.249856000e-03 1.507907324e-02 -3.452517369e-01 2.691529170e-03 5.974405339e-04 4.772458560e-04 1.000223230e+00 3.171659004e-03
7.538580000e+00 2.261574000e-03 -9.363294547e-01 -4.585125088e-01 2.488675231e-03 5.579965847e-04 4.347844058e-04 1.000215294e+00 4.858019190e-04
7.577640000e+00 2.273292000e-03 -6.460973374e-01 -8.051380905e-01 2.370957603e-03 5.589987953e-04 4.481025022e-04 1.000210747e+00 2.744755341e-03
7.616700000e+00 2.285010000e-03 5.009066254e-01 -6.848495409e-01 2.755044097e-03 5.967775215e-04 4.698552619e-04 1.000225652e+00 1.938516200e-03
7.655760000e+00 2.296728000e-03 9.836721383e-01 -4.192719909e-01 2.274660820e-03 5.373383359e-04 4.228498398e-04 1.000207126e+00 9.263452560e-04
7.694820000e+00 2.308446000e-03 1.620171801e-01 -1.200428567e-01 2.632122926e-03 5.915526484e-04 4.738081627e-04 1.000220882e+00 3.297598004e-03
7.733880000e+00 2.320164000e-03 -8.744842887e-01 -1.840057668e-01 2.563844515e-03 5.672971865e-04 4.420954428e-04 1.000218173e+00 6.437593663e-04
7.772940000e+00 2.331882000e-03 -7.513562798e-01 -5.263320248e-01 2.313232230e-03 5.505917913e-04 4.401472267e-04 1.000208595e+00 2.375549914e-03
7.812000000e+00 2.343600000e-03 3.681245527e-01 -3.596425622e-01 2.766321148e-03 6.006117793e-04 4.747977627e-04 1.000226074e+00 2.352197122e-03
7.851060000e+00 2.355318000e-03 9.994455769e-01 -1.296284232e-01 2.314049272e-03 5.399666424e-04 4.231304005e-04 1.000208606e+00 6.566636543e-04
7.890120000e+00 2.367036000e-03 3.054294084e-01 1.920398112e-01 2.562718036e-03 5.837634682e-04 4.683703463e-04 1.000218137e+00 3.301663655e-03
7.929180000e+00 2.378754000e-03 -7.936082681e-01 1.787592094e-01 2.634459675e-03 5.767785322e-04 4.501272982e-04 1.000220884e+00 9.081932908e-04
7.968240000e+00 2.390472000e-03 -8.402639255e-01 -1.518573227e-01 2.275170476e-03 5.438119434e-04 4.330887653e-04 1.000207105e+00 1.963526939e-03
8.007300000e+00 2.402190000e-03 2.273312156e-01 5.762474490e-02 2.756084972e-03 6.017545322e-04 4.776416931e-04 1.000225646e+00 2.725241729e-03
8.046360000e+00 2.413908000e-03 9.934687065e-01 2.470964058e-01 2.373581199e-03 5.451301327e-04 4.257631595e-04 1.000210742e+00 4.923217182e-04
8.085420000e+00 2.425626000e-03 4.421947675e-01 5.842405471e-01 2.489323932e-03 5.747662036e-04 4.614125229e-04 1.000215240e+00 3.183048283e-03
8.124480000e+00 2.437344000e-03 -6.954614472e-01 5.465512477e-01 2.694450192e-03 5.856296708e-04 4.581922135e-04 1.000223196e+00 1.256464169e-03
8.163540000e+00 2.449062000e-03 -9.108854330e-01 2.348011830e-01 2.256044658e-03 5.392264326e-04 4.275152022e-04 1.000206394e+00 1.544470127e-03
8.202600000e+00 2.460780000e-03 8.159061157e-02 4.825411987e-01 2.725067946e-03 6.001126580e-04 4.781431153e-04 1.000224406e+00 3.025538001e-03
8.241660000e+00 2.472498000e-03 9.658715982e-01 6.273688969e-01 2.443102712e-03 5.523881326e-04 4.305217613e-04 1.000213349e+00 4.475420927e-04
8.280720000e+00 2.484216000e-03 5.693369185e-01 9.726908373e-01 2.418922728e-03 5.652863213e-04 4.534870685e-04 1.000212414e+00 2.952561495e-03
8.319780000e+00 2.495934000e-03 -5.821797339e-01 8.848475950e-01 2.738727675e-03 5.930682890e-04 4.655701669e-04 1.000224895e+00 1.658618552e-03
8.358840000e+00 2.507652000e-03 -9.616839106e-01 5.987124767e-01 2.260522223e-03 5.372430746e-04 4.239144625e-04 1.000206527e+00 1.154367587e-03
8.397900000e+00 2.519370000e-03 -6.592559795e-02 3.180773609e-01 2.675778831e-03 5.958263600e-04 4.762533067e-04 1.000222457e+00 3.227290449e-03
8.436960000e+00 2.531088000e-03 9.172548304e-01 4.151260476e-01 2.516695546e-03 5.611212969e-04 4.369984211e-04 1.000216203e+00 5.262256471e-04
8.476020000e+00 2.542806000e-03 6.840889463e-01 7.611505756e-01 2.353013470e-03 5.561906361e-04 4.453178113e-04 1.000209925e+00 2.629558646e-03
8.515080000e+00 2.554524000e-03 -4.562284072e-01 6.250549849e-01 2.763806193e-03 5.984922464e-04 4.716569657e-04 1.000225854e+00 2.079761231e-03
8.554140000e+00 2.566242000e-03 -9.915538628e-01 3.707288275e-01 2.288261839e-03 5.380385647e-04 4.225978698e-04 1.000207495e+00 8.267384220e-04
8.593200000e+00 2.577960000e-03 -2.120071099e-01 6.327351580e-02 2.612689985e-03 5.892442881e-04 4.721107547e-04 1.000219954e+00 3.313353844e-03
8.632260000e+00 2.589678000e-03 8.486764196e-01 1.104423761e-01 2.591118413e-03 5.705636460e-04 4.446175118e-04 1.000219051e+00 7.216180871e-04
8.671320000e+00 2.601396000e-03 7.839535743e-01 4.496791416e-01 2.300983315e-03 5.482284907e-04 4.375749203e-04 1.000207968e+00 2.242308616e-03
8.710380000e+00 2.613114000e-03 -3.203484671e-01 2.682772596e-01 2.767716389e-03 6.014320483e-04 4.759250601e-04 1.000225986e+00 2.483737164e-03
8.749440000e+00 2.624832000e-03 -9.998452486e-01 5.126541895e-02 2.334526707e-03 5.415414538e-04 4.236726594e-04 1.000209210e+00 5.899522361e-04
8.788500000e+00 2.636550000e-03 -3.534748438e-01 -2.763546600e-01 2.541296976e-03 5.809675996e-04 4.661040426e-04 1.000217130e+00 3.276027670e-03
8.827560000e+00 2.648268000e-03 7.616287947e-01 -2.726226938e-01 2.658574916e-03 5.799313507e-04 4.527478286e-04 1.000221658e+00 1.016821909e-03
8.866620000e+00 2.659986000e-03 8.667575111e-01 5.248285110e-02 2.267912231e-03 5.421034238e-04 4.309366244e-04 1.000206721e+00 1.823853723e-03
8.905680000e+00 2.671704000e-03 -1.774969837e-01 -1.702985336e-01 2.750205313e-03 6.016262496e-04 4.779951622e-04 1.000225275e+00 2.835849709e-03
8.944740000e+00 2.683422000e-03 -9.863776277e-01 -3.452984711e-01 2.398923484e-03 5.474526975e-04 4.270447295e-04 1.000211523e+00 4.644095113e-04
8.983800000e+00 2.695140000e-03 -4.872501257e-01 -6.859912831e-01 2.468393517e-03 5.717253495e-04 4.587581218e-04 1.000214232e+00 3.118412683e-03
9.022860000e+00 2.706858000e-03 6.580063188e-01 -6.314392278e-01 2.713651466e-03 5.883825438e-04 4.606525638e-04 1.000223783e+00 1.386649967e-03
9.061920000e+00 2.718576000e-03 9.306987463e-01 -3.275024139e-01 2.256089393e-03 5.383485209e-04 4.259767091e-04 1.000206290e+00 1.410321340e-03
9.100980000e+00 2.730294000e-03 -3.078274443e-02 -5.868407526e-01 2.712667289e-03 5.990554120e-04 4.776821947e-04 1.000223777e+00 3.105762469e-03
9.140040000e+00 2.742012000e-03 -9.514440875e-01 -7.160405665e-01 2.469926479e-03 5.552638191e-04 4.324205388e-04 1.000214234e+00 4.608622520e-04
9.179100000e+00 2.753730000e-03 -6.104216880e-01 -1.062431171e+00 2.399185225e-03 5.622745745e-04 4.506675193e-04 1.000211489e+00 2.854499250e-03
9.218160000e+00 2.765448000e-03 5.400640630e-01 -9.582400103e-01 2.751792989e-03 5.952167684e-04 4.676703391e-04 1.000225251e+00 1.799108621e-03
9.257220000e+00 2.777166000e-03 9.743857670e-01 -6.820512920e-01 2.268969060e-03 5.372768103e-04 4.231097057e-04 1.000206705e+00 1.037472826e-03
9.296280000e+00 2.788884000e-03 1.166014004e-01 -3.917699255e-01 2.658184733e-03 5.939258483e-04 4.749943768e-04 1.000221613e+00 3.270368243e-03
9.335340000e+00 2.800602000e-03 -8.958048648e-01 -4.723728004e-01 2.544257244e-03 5.643122449e-04 4.393435356e-04 1.000217113e+00 5.797123537e-04
9.374400000e+00 2.812320000e-03 -7.203090249e-01 -8.169629066e-01 2.335912990e-03 5.534677821e-04 4.425602130e-04 1.000209154e+00 2.506637580e-03
9.413460000e+00 2.824038000e-03 4.103687309e-01 -6.653880667e-01 2.769909060e-03 5.998623631e-04 4.732116920e-04 1.000225944e+00 2.218506559e-03
9.452520000e+00 2.835756000e-03 9.968678396e-01 -4.229260752e-01 2.303553727e-03 5.389862102e-04 4.225837065e-04 1.000207933e+00 7.372937618e-04
9.491580000e+00 2.847474000e-03 2.614480219e-01 -1.079853565e-01 2.591691889e-03 5.866852887e-04 4.701688568e-04 1.000218970e+00 3.315662002e-03
9.530640000e+00 2.859192000e-03 -8.206708012e-01 -1.382465976e-01 2.616811466e-03 5.738032721e-04 4.471986225e-04 1.000219902e+00 8.107188380e-04
9.569700000e+00 2.870910000e-03 -8.145207271e-01 -4.735768325e-01 2.290119307e-03 5.460447636e-04 4.351147407e-04 1.000207418e+00 2.104991216e-03
9.608760000e+00 2.882628000e-03 2.717428007e-01 -2.778994439e-01 2.766611718e-03 6.019037140e-04 4.767809688e-04 1.000225794e+00 2.608876358e-03
9.647820000e+00 2.894346000e-03 9.976557011e-01 -7.441273412e-02 2.357373817e-03 5.433338253e-04 4.244442255e-04 1.000209867e+00 5.356377410e-04
9.686880000e+00 2.906064000e-03 4.006049137e-01 2.583698326e-01 2.519043254e-03 5.780048830e-04 4.636589569e-04 1.000216097e+00 3.237279985e-03
9.725940000e+00 2.917782000e-03 -7.276769923e-01 2.376343376e-01 2.680357915e-03 5.829456338e-04 4.553315337e-04 1.000222372e+00 1.133977293e-03
9.765000000e+00 2.929500000e-03 -8.910065242e-01 -8.117720665e-02 2.262525350e-03 5.406461433e-04 4.289694772e-04 1.000206429e+00 1.684222129e-03
9.804060000e+00 2.941218000e-03 1.272031020e-01 1.543669004e-01 2.742165517e-03 6.011642593e-04 4.780665300e-04 1.000224810e+00 2.936643594e-03
9.843120000e+00 2.952936000e-03 9.767322057e-01 3.144734757e-01 2.424715651e-03 5.499462860e-04 4.285298409e-04 1.000212339e+00 4.499931662e-04
9.882180000e+00 2.964654000e-03 5.310436913e-01 6.578941431e-01 2.447129434e-03 5.685807037e-04 4.559741277e-04 1.000213216e+00 3.042254051e-03
9.921240000e+00 2.976372000e-03 -6.188472042e-01 5.866107584e-01 2.729981947e-03 5.909173861e-04 4.630064238e-04 1.000224291e+00 1.521859879e-03
9.960300000e+00 2.988090000e-03 -9.481019037e-01 2.912191991e-01 2.258424522e-03 5.377494016e-04 4.246617468e-04 1.000206277e+00 1.280368131e-03
9.999360000e+00 2.999808000e-03 -2.010483833e-02 2.090718796e-02 2.698577761e-03 5.977101876e-04 4.769566906e-04 1.000223077e+00 3.173595130e-03
1.003842000e+01 3.011526000e-03 9.345526982e-01 1.341678496e-01 2.496935855e-03 5.582506815e-04 4.344810005e-04 1.000215134e+00 4.876782034e-04
1.007748000e+01 3.023244000e-03 6.499256973e-01 4.807925834e-01 2.379376264e-03 5.592617430e-04 4.478091393e-04 1.000210589e+00 2.747318288e-03
1.011654000e+01 3.034962000e-03 -4.965498315e-01 3.605044994e-01 2.761501219e-03 5.970601177e-04 4.695816322e-04 1.000225506e+00 1.940669639e-03
1.015560000e+01 3.046680000e-03 -9.845643345e-01 9.492735590e-02 2.279927298e-03 5.375965765e-04 4.225529975e-04 1.000206969e+00 9.283522190e-04
1.019466000e+01 3.058398000e-03 -1.669752496e-01 -2.043011091e-01 2.639580316e-03 5.918208497e-04 4.735252286e-04 1.000220732e+00 3.299528487e-03
1.023372000e+01 3.070116000e-03 8.720351050e-01 -1.403381611e-01 2.571507801e-03 5.675335005e-04 4.417840776e-04 1.000218010e+00 6.454942997e-04
1.027278000e+01 3.081834000e-03 7.546637768e-01 2.019873086e-01 2.320214804e-03 5.508207955e-04 4.398352613e-04 1.000208428e+00 2.377976396e-03
1.031184000e+01 3.093552000e-03 -3.634463555e-01 3.529839027e-02 2.772472861e-03 6.008572605e-04 4.745026300e-04 1.000225917e+00 2.354338471e-03
1.035090000e+01 3.105270000e-03 -9.996003077e-01 -1.947154378e-01 2.320769724e-03 5.402006024e-04 4.228212266e-04 1.000208443e+00 6.585655594e-04
1.038996000e+01 3.116988000e-03 -3.102118829e-01 -5.163829835e-01 2.570245690e-03 5.840078282e-04 4.680714779e-04 1.000217980e+00 3.303557025e-03
1.042902000e+01 3.128706000e-03 7.905399572e-01 -5.031022633e-01 2.641701537e-03 5.770051536e-04 4.498156048e-04 1.000220722e+00 9.098195719e-04
1.046808000e+01 3.140424000e-03 8.429785807e-01 -1.724864247e-01 2.280043815e-03 5.440138306e-04 4.327623121e-04 1.000206931e+00 1.965814173e-03
1.050714000e+01 3.152142000e-03 -2.224334237e-01 -3.819679003e-01 2.761897614e-03 6.019693802e-04 4.773311038e-04 1.000225482e+00 2.727380657e-03
1.054620000e+01 3.163860000e-03 -9.928826046e-01 -5.714393553e-01 2.381179716e-03 5.453402897e-04 4.254429051e-04 1.000210574e+00 4.941300919e-04
1.058526000e+01 3.175578000e-03 -4.466975691e-01 -9.085828350e-01 2.496922250e-03 5.749919670e-04 4.611046473e-04 1.000215078e+00 3.184897110e-03
1.062432000e+01 3.187296000e-03 6.918407829e-01 -8.708937794e-01 2.700960181e-03 5.858381349e-04 4.578710532e-04 1.000223029e+00 1.257989854e-03
1.066338000e+01 3.199014000e-03 9.129481690e-01 -5.591443273e-01 2.259336117e-03 5.394096009e-04 4.271815684e-04 1.000206217e+00 1.546609859e-03
1.070244000e+01 3.210732000e-03 -7.657981255e-02 -8.068837082e-01 2.730727449e-03 6.002967182e-04 4.778161280e-04 1.000224233e+00 3.027666038e-03
1.074150000e+01 3.222450000e-03 -9.645574185e-01 -9.517112881e-01 2.450123366e-03 5.525743258e-04 4.301909286e-04 1.000213176e+00 4.492713852e-04
1.078056000e+01 3.234168000e-03 -5.734620556e-01 -1.297032600e+00 2.426259606e-03 5.654939405e-04 4.531696712e-04 1.000212247e+00 2.954368591e-03
1.081962000e+01 3.245886000e-03 5.780855105e-01 -1.209189691e+00 2.744817429e-03 5.932654595e-04 4.652444794e-04 1.000224727e+00 1.660085640e-03
1.085868000e+01 3.257604000e-03 9.630498374e-01 -9.230551010e-01 2.264120542e-03 5.374070949e-04 4.235720692e-04 1.000206347e+00 1.156346576e-03
1.089774000e+01 3.269322000e-03 7.094035719e-02 -6.424206594e-01 2.681458429e-03 5.959728405e-04 4.759020118e-04 1.000222272e+00 3.229391003e-03
1.093680000e+01 3.281040000e-03 -9.152411726e-01 -7.394693068e-01 2.523271035e-03 5.612807920e-04 4.366539484e-04 1.000216024e+00 5.278977213e-04
1.097586000e+01 3.292758000e-03 -6.877466460e-01 -1.085493251e+00 2.360157373e-03 5.563774509e-04 4.449901472e-04 1.000209753e+00 2.631299322e-03
1.101492000e+01 3.304476000e-03 4.517497246e-01 -9.493980473e-01 2.769683760e-03 5.986843126e-04 4.713343398e-04 1.000225687e+00 2.081191647e-03
1.105398000e+01 3.316194000e-03 9.921932547e-01 -6.950722928e-01 2.293354505e-03 5.381864239e-04 4.222480236e-04 1.000207312e+00 8.285654103e-04
1.109304000e+01 3.327912000e-03 2.169166963e-01 -3.876176481e-01 2.618605325e-03 5.893570330e-04 4.717397825e-04 1.000219759e+00 3.315419579e-03
1.113210000e+01 3.339630000e-03 -8.460071057e-01 -4.347865583e-01 2.596912150e-03 5.706998486e-04 4.442635217e-04 1.000218867e+00 7.232476295e-04
1.117116000e+01 3.351348000e-03 -7.870642364e-01 -7.740227997e-01 2.306457386e-03 5.483904158e-04 4.372325170e-04 1.000207790e+00 2.243979869e-03
1.121022000e+01 3.363066000e-03 3.155827921e-01 -5.926213502e-01 2.773441804e-03 6.016129927e-04 4.755993392e-04 1.000225817e+00 2.485136340e-03
1.124928000e+01 3.374784000e-03 9.997441908e-01 -3.756097991e-01 2.340956224e-03 5.416780700e-04 4.233193085e-04 1.000209026e+00 5.916321434e-04
1.128834000e+01 3.386502000e-03 3.581724131e-01 -4.799037188e-02 2.547254825e-03 5.810687071e-04 4.657320290e-04 1.000216935e+00 3.278080406e-03
1.132740000e+01 3.398220000e-03 -7.583619153e-01 -5.172219023e-02 2.663881347e-03 5.800415210e-04 4.523806431e-04 1.000221468e+00 1.018429553e-03
1.136646000e+01 3.409938000e-03 -8.692534402e-01 -3.768272660e-01 2.271757852e-03 5.422456962e-04 4.305849967e-04 1.000206538e+00 1.825458983e-03
1.140552000e+01 3.421656000e-03 1.725480287e-01 -1.540463524e-01 2.755751292e-03 6.017917236e-04 4.776617858e-04 1.000225102e+00 2.837224495e-03
1.144458000e+01 3.433374000e-03 9.855383194e-01 2.095339166e-02 2.405525071e-03 5.475799554e-04 4.266892048e-04 1.000211339e+00 4.659492209e-04
1.148364000e+01 3.445092000e-03 4.916334476e-01 3.616455748e-01 2.474325603e-03 5.718004056e-04 4.583703243e-04 1.000214029e+00 3.120403149e-03
1.152270000e+01 3.456810000e-03 -6.542129689e-01 3.070937052e-01 2.718346088e-03 5.884766156e-04 4.602823302e-04 1.000223591e+00 1.388261063e-03
1.156176000e+01 3.468528000e-03 -9.325256251e-01 3.157266769e-03 2.259062038e-03 5.384658718e-04 4.256117446e-04 1.000206101e+00 1.411845526e-03
1.160082000e+01 3.480246000e-03 2.575821054e-02 2.624951207e-01 2.718245028e-03 5.992087878e-04 4.773447874e-04 1.000223603e+00 3.107127310e-03
1.163988000e+01 3.491964000e-03 9.498847941e-01 3.916948527e-01 2.476246277e-03 5.553815328e-04 4.320615137e-04 1.000214049e+00 4.622811553e-04
1.167894000e+01 3.503682000e-03 6.143953710e-01 7.380848719e-01 2.404934599e-03 5.623380477e-04 4.502774314e-04 1.000211285e+00 2.856431791e-03
1.171800000e+01 3.515400000e-03 -5.358267950e-01 6.338939765e-01 2.755980084e-03 5.952817331e-04 4.672840125e-04 1.000225051e+00 1.800711273e-03
