0.000000000e+00 0.000000000e+00 0.000000000e+00 0.000000000e+00 0.000000000e+00 -4.961309141e-17 -1.134075472e-17 1.000000000e+00 -1.913616834e-17
3.906000000e-02 1.953000000e-05 1.224028803e-01 1.477768630e-02 1.336043251e-03 2.136141535e-04 1.886820315e-04 1.000093830e+00 1.156210027e-04
7.812000000e-02 3.906000000e-05 2.429649427e-01 7.366372159e-02 1.815687288e-03 3.532145144e-04 2.962817824e-04 1.000147047e+00 2.495496568e-04
1.171800000e-01 5.859000000e-05 3.598730533e-01 1.780299087e-01 2.161698915e-03 4.513631390e-04 3.687390594e-04 1.000182239e+00 4.718536689e-04
1.562400000e-01 7.812000000e-05 4.713690302e-01 3.262744474e-01 2.639565413e-03 5.355836946e-04 4.290582157e-04 1.000210934e+00 7.799433738e-04
1.953000000e-01 9.765000000e-05 5.757760845e-01 5.161503612e-01 3.374118151e-03 6.380933990e-04 5.023456440e-04 1.000245728e+00 1.168670406e-03
2.343600000e-01 1.171800000e-04 6.715240376e-01 7.447960527e-01 4.304453402e-03 7.843205954e-04 6.075648684e-04 1.000296174e+00 1.626664892e-03
2.734200000e-01 1.367100000e-04 7.571729353e-01 1.008770330e+00 5.390021692e-03 9.929191259e-04 7.583377990e-04 1.000369181e+00 2.137015231e-03
3.124800000e-01 1.562400000e-04 8.314347032e-01 1.304101898e+00 6.598932513e-03 1.276352424e-03 9.637628335e-04 1.000469414e+00 2.678174750e-03
3.515400000e-01 1.757700000e-04 8.931925178e-01 1.626348060e+00 7.897657995e-03 1.640240633e-03 1.227936465e-03 1.000599043e+00 3.226277759e-03
3.906000000e-01 1.953000000e-04 9.415176030e-01 1.970661556e+00 9.244315820e-03 2.083467503e-03 1.550143027e-03 1.000757832e+00 3.756676446e-03
4.296600000e-01 2.148300000e-04 9.756831974e-01 2.331863347e+00 1.059850588e-02 2.597886008e-03 1.924578644e-03 1.000942993e+00 4.245253508e-03
4.687200000e-01 2.343600000e-04 9.951754844e-01 2.704520192e+00 1.192611428e-02 3.168743581e-03 2.340626743e-03 1.001149315e+00 4.670053098e-03
5.077800000e-01 2.538900000e-04 9.997013192e-01 3.083026402e+00 1.319671520e-02 3.775372878e-03 2.783316299e-03 1.001369392e+00 5.011827194e-03
5.468400000e-01 2.734200000e-04 9.891926378e-01 3.461688073e+00 1.437863902e-02 4.392494527e-03 3.234252402e-03 1.001594088e+00 5.254720747e-03
5.859000000e-01 2.929500000e-04 9.638074805e-01 3.834808712e+00 1.544381632e-02 4.991837870e-03 3.672772623e-03 1.001813109e+00 5.386944559e-03
6.249600000e-01 3.124800000e-04 9.239276146e-01 4.196774995e+00 1.636896226e-02 5.544092714e-03 4.077373907e-03 1.002015717e+00 5.401337054e-03
6.640200000e-01 3.320100000e-04 8.701527940e-01 4.542141155e+00 1.713253123e-02 6.020948826e-03 4.427177598e-03 1.002191462e+00 5.296174364e-03
7.030800000e-01 3.515400000e-04 8.032917385e-01 4.865711658e+00 1.771734458e-02 6.396892984e-03 4.703381299e-03 1.002330905e+00 5.075295157e-03
7.421400000e-01 3.710700000e-04 7.243499720e-01 5.162618529e+00 1.810983843e-02 6.651202647e-03 4.890601395e-03 1.002426290e+00 4.749152695e-03
7.812000000e-01 3.906000000e-04 6.345147005e-01 5.428395552e+00 1.830021498e-02 6.769206887e-03 4.978044866e-03 1.002472130e+00 4.334188670e-03
8.202600000e-01 4.101300000e-04 5.351369574e-01 5.659044579e+00 1.828259051e-02 6.743071935e-03 4.959824862e-03 1.002465364e+00 3.853411890e-03
8.593200000e-01 4.296600000e-04 4.277112852e-01 5.851096548e+00 1.805480803e-02 6.572548481e-03 4.835852825e-03 1.002405813e+00 3.334451403e-03
8.983800000e-01 4.491900000e-04 3.138532595e-01 6.001663108e+00 1.761804629e-02 6.264563792e-03 4.611271820e-03 1.002295900e+00 2.808537403e-03
9.374400000e-01 4.687200000e-04 1.952751922e-01 6.108479486e+00 1.697722045e-02 5.833287293e-03 4.296481936e-03 1.002140671e+00 2.309035068e-03
9.765000000e-01 4.882500000e-04 7.376037970e-02 6.169939994e+00 1.613928327e-02 5.298716733e-03 3.906307010e-03 1.001947398e+00 1.867132760e-03
1.015560000e+00 5.077800000e-04 -4.886371576e-02 6.154758768e+00 1.511500965e-02 4.685905040e-03 3.459121745e-03 1.001725148e+00 1.510815106e-03
1.054620000e+00 5.273100000e-04 -1.707529494e-01 6.123432470e+00 1.391727633e-02 4.024821387e-03 2.976969391e-03 1.001484847e+00 1.263106347e-03
1.093680000e+00 5.468400000e-04 -2.900742281e-01 6.046069325e+00 1.255990500e-02 3.345052485e-03 2.481070937e-03 1.001237060e+00 1.137454477e-03
1.132740000e+00 5.663700000e-04 -4.050330781e-01 5.923833933e+00 1.106550190e-02 2.680173682e-03 1.996204856e-03 1.000994169e+00 1.139575973e-03
1.171800000e+00 5.859000000e-04 -5.139006324e-01 5.758564911e+00 9.454654247e-03 2.061582469e-03 1.544993935e-03 1.000767523e+00 1.265888282e-03
1.210860000e+00 6.054300000e-04 -6.150396309e-01 5.552747971e+00 7.755292889e-03 1.518717474e-03 1.148760231e-03 1.000567864e+00 1.503782804e-03
1.249920000e+00 6.249600000e-04 -7.069290435e-01 5.309478486e+00 6.019823534e-03 1.077327231e-03 8.260905408e-04 1.000404601e+00 1.833708688e-03
1.288980000e+00 6.444900000e-04 -7.881869446e-01 5.032414852e+00 4.304994564e-03 7.580059897e-04 5.919018095e-04 1.000285332e+00 2.230306969e-03
1.328040000e+00 6.640200000e-04 -8.575912958e-01 4.725723502e+00 2.743807656e-03 5.750183301e-04 4.565655644e-04 1.000215392e+00 2.665273582e-03
1.367100000e+00 6.835500000e-04 -9.140983246e-01 4.394016368e+00 2.255638968e-03 5.352932608e-04 4.252076037e-04 1.000197495e+00 3.109271689e-03
1.406160000e+00 7.030800000e-04 -9.568582214e-01 4.042281437e+00 3.110946929e-03 6.378580317e-04 4.973144930e-04 1.000231524e+00 3.533991944e-03
1.445220000e+00 7.226100000e-04 -9.852279197e-01 3.675808165e+00 4.708909059e-03 8.735509530e-04 6.664580416e-04 1.000314383e+00 3.914272388e-03
1.484280000e+00 7.421400000e-04 -9.987807674e-01 3.300107743e+00 6.370510249e-03 1.225417679e-03 9.205881769e-04 1.000440142e+00 4.228772692e-03
1.523340000e+00 7.616700000e-04 -9.973129431e-01 2.920830468e+00 7.996528800e-03 1.669500358e-03 1.242523614e-03 1.000600273e+00 4.460958524e-03
1.562400000e+00 7.812000000e-04 -9.808465214e-01 2.543680813e+00 9.526880692e-03 2.176243600e-03 1.610932422e-03 1.000784147e+00 4.599227181e-03
1.601460000e+00 8.007300000e-04 -9.496291410e-01 2.174331614e+00 1.091823314e-02 2.712353539e-03 2.001645071e-03 1.000979689e+00 4.636857071e-03
1.640520000e+00 8.202600000e-04 -9.041302804e-01 1.818338720e+00 1.214364620e-02 3.246916484e-03 2.393190224e-03 1.001176146e+00 4.572287365e-03
1.679580000e+00 8.397900000e-04 -8.450341971e-01 1.481057339e+00 1.318307513e-02 3.737938476e-03 2.752660281e-03 1.001357031e+00 4.407158213e-03
1.718640000e+00 8.593200000e-04 -7.732296378e-01 1.167561438e+00 1.401798232e-02 4.158244246e-03 3.061079359e-03 1.001512796e+00 4.149477502e-03
1.757700000e+00 8.788500000e-04 -6.897964717e-01 8.825672267e-01 1.463514565e-02 4.481719005e-03 3.299132958e-03 1.001633706e+00 3.811620368e-03
1.796760000e+00 8.983800000e-04 -5.959894510e-01 6.303619913e-01 1.502646404e-02 4.692884334e-03 3.456406562e-03 1.001714451e+00 3.411394791e-03
1.835820000e+00 9.179100000e-04 -4.932193401e-01 4.147394870e-01 1.518745410e-02 4.771883900e-03 3.516059203e-03 1.001746505e+00 2.969298169e-03
1.874880000e+00 9.374400000e-04 -3.830316995e-01 2.389431932e-01 1.511790621e-02 4.718968188e-03 3.479166319e-03 1.001730271e+00 2.511932030e-03
1.913940000e+00 9.569700000e-04 -2.670836422e-01 1.056167308e-01 1.482078979e-02 4.538574597e-03 3.349018723e-03 1.001667264e+00 2.066960200e-03
1.953000000e+00 9.765000000e-04 -1.471189118e-01 1.676524865e-02 1.430303736e-02 4.246608918e-03 3.138213687e-03 1.001563644e+00 1.664002405e-03
1.992060000e+00 9.960300000e-04 -2.494165897e-02 -2.627584205e-02 1.357407662e-02 3.854123044e-03 2.852903184e-03 1.001422378e+00 1.328152621e-03
2.031120000e+00 1.015560000e-03 9.761069171e-02 -2.285934234e-02 1.264725446e-02 3.389439642e-03 2.514652988e-03 1.001254140e+00 1.084338432e-03
2.070180000e+00 1.035090000e-03 2.186950744e-01 2.696215010e-02 1.153797017e-02 2.879921947e-03 2.143504983e-03 1.001068892e+00 9.484952466e-04
2.109240000e+00 1.054620000e-03 3.364905001e-01 1.224391086e-01 1.026647723e-02 2.356776125e-03 1.762330528e-03 1.000878040e+00 9.306102219e-04
2.148300000e+00 1.074150000e-03 4.492254425e-01 2.621347700e-01 8.853568840e-03 1.850970613e-03 1.393494856e-03 1.000692781e+00 1.032017144e-03
2.187360000e+00 1.093680000e-03 5.552044799e-01 4.439474218e-01 7.329404020e-03 1.393161944e-03 1.059317573e-03 1.000524328e+00 1.245712589e-03
2.226420000e+00 1.113210000e-03 6.528337926e-01 6.651422309e-01 5.742639379e-03 1.011080660e-03 7.798933952e-04 1.000382822e+00 1.556743440e-03
2.265480000e+00 1.132740000e-03 7.406451326e-01 9.223922925e-01 4.152378400e-03 7.284082065e-04 5.724268090e-04 1.000276985e+00 1.943948996e-03
2.304540000e+00 1.152270000e-03 8.173179046e-01 1.211828751e+00 2.691290465e-03 5.632223047e-04 4.500649391e-04 1.000213530e+00 2.381787828e-03
2.343600000e+00 1.171800000e-03 8.816990260e-01 1.529098704e+00 2.247309978e-03 5.268958417e-04 4.211518585e-04 1.000196775e+00 2.842517354e-03
2.382660000e+00 1.191330000e-03 9.328202686e-01 1.869430868e+00 3.048618787e-03 6.232134669e-04 4.885996001e-04 1.000228318e+00 3.298156741e-03
2.421720000e+00 1.210860000e-03 9.699128198e-01 2.227707125e+00 4.601295809e-03 8.479677647e-04 6.495907174e-04 1.000306876e+00 3.722318465e-03
2.460780000e+00 1.230390000e-03 9.924188442e-01 2.598539430e+00 6.239959957e-03 1.188905207e-03 8.954649435e-04 1.000428227e+00 4.092013364e-03
2.499840000e+00 1.249920000e-03 9.999998737e-01 2.976350548e+00 7.864435559e-03 1.626311581e-03 1.212134490e-03 1.000585406e+00 4.388012611e-03
2.538900000e+00 1.269450000e-03 9.925418970e-01 3.355458096e+00 9.413770316e-03 2.138106546e-03 1.584827021e-03 1.000771079e+00 4.596064570e-03
2.577960000e+00 1.288980000e-03 9.701570747e-01 3.730159918e+00 1.084292628e-02 2.685525873e-03 1.983260676e-03 1.000970135e+00 4.705676979e-03
2.617020000e+00 1.308510000e-03 9.331820525e-01 4.094819765e+00 1.212210751e-02 3.239060824e-03 2.387035794e-03 1.001172375e+00 4.711786203e-03
2.656080000e+00 1.328040000e-03 8.821728978e-01 4.443952077e+00 1.322908714e-02 3.764713645e-03 2.771247775e-03 1.001365326e+00 4.613834449e-03
2.695140000e+00 1.347570000e-03 8.178967378e-01 4.772304829e+00 1.414305950e-02 4.230312906e-03 3.112293068e-03 1.001537143e+00 4.415719443e-03
2.734200000e+00 1.367100000e-03 7.413202222e-01 5.074938163e+00 1.484868779e-02 4.611581690e-03 3.393260878e-03 1.001679303e+00 4.127406635e-03
2.773260000e+00 1.386630000e-03 6.535949858e-01 5.347299592e+00 1.533531227e-02 4.878018768e-03 3.589523362e-03 1.001779415e+00 3.761669938e-03
2.812320000e+00 1.406160000e-03 5.560403292e-01 5.585291718e+00 1.559665998e-02 5.018285004e-03 3.693643688e-03 1.001833650e+00 3.338635381e-03
2.851380000e+00 1.425690000e-03 4.501233775e-01 5.785334922e+00 1.562966656e-02 5.024669954e-03 3.699870809e-03 1.001839013e+00 2.882027722e-03
2.890440000e+00 1.445220000e-03 3.374370168e-01 5.944420052e+00 1.543541743e-02 4.901822338e-03 3.612576387e-03 1.001797552e+00 2.420074430e-03
2.929500000e+00 1.464750000e-03 2.196759381e-01 6.060155064e+00 1.501859291e-02 4.650042936e-03 3.429865909e-03 1.001708192e+00 1.980072928e-03
2.968560000e+00 1.484280000e-03 9.861115119e-02 6.130799494e+00 1.438704691e-02 4.289113659e-03 3.167346891e-03 1.001578601e+00 1.591630873e-03
3.007620000e+00 1.503810000e-03 -2.393664963e-02 6.106306720e+00 1.355147115e-02 3.840364118e-03 2.840690799e-03 1.001416502e+00 1.280614155e-03
3.046680000e+00 1.523340000e-03 -1.461244670e-01 6.084279188e+00 1.252633739e-02 3.331119840e-03 2.469844059e-03 1.001231776e+00 1.069432895e-03
3.085740000e+00 1.542870000e-03 -2.661147173e-01 6.016063137e+00 1.132759203e-02 2.793323770e-03 2.078959010e-03 1.001036448e+00 9.720884580e-04
3.124800000e+00 1.562400000e-03 -3.821028662e-01 5.902685409e+00 9.976126296e-03 2.251327131e-03 1.683818785e-03 1.000838402e+00 9.945370236e-04
3.163860000e+00 1.581930000e-03 -4.923445671e-01 5.745851918e+00 8.495437710e-03 1.740455816e-03 1.311202685e-03 1.000651055e+00 1.135196447e-03
3.202920000e+00 1.601460000e-03 -5.951818941e-01 5.547921854e+00 6.920723378e-03 1.290375275e-03 9.825624292e-04 1.000485202e+00 1.383931996e-03
3.241980000e+00 1.620990000e-03 -6.890682757e-01 5.311872249e+00 5.301377691e-03 9.274732594e-04 7.170458380e-04 1.000350524e+00 1.722983246e-03
3.281040000e+00 1.640520000e-03 -7.725917541e-01 5.041253283e+00 3.708916762e-03 6.733988712e-04 5.303432984e-04 1.000254995e+00 2.129134940e-03
3.320100000e+00 1.660050000e-03 -8.444962188e-01 4.740134775e+00 2.390965329e-03 5.437454437e-04 4.338336988e-04 1.000204449e+00 2.575420887e-03
3.359160000e+00 1.679580000e-03 -9.037002981e-01 4.413045122e+00 2.323731441e-03 5.469914431e-04 4.337805643e-04 1.000202163e+00 3.033700939e-03
3.398220000e+00 1.699110000e-03 -9.493136213e-01 4.064903105e+00 3.505740127e-03 6.837967183e-04 5.308509233e-04 1.000248608e+00 3.476307813e-03
3.437280000e+00 1.718640000e-03 -9.806502094e-01 3.700944326e+00 5.109029544e-03 9.467317762e-04 7.198818203e-04 1.000341324e+00 3.878079446e-03
3.476340000e+00 1.738170000e-03 -9.972387911e-01 3.326642394e+00 6.752964532e-03 1.320490913e-03 9.900049350e-04 1.000474972e+00 4.217161494e-03
3.515400000e+00 1.757700000e-03 -9.988298906e-01 2.947626661e+00 8.361318708e-03 1.782657816e-03 1.325150257e-03 1.000641588e+00 4.476261979e-03
3.554460000e+00 1.777230000e-03 -9.853995793e-01 2.569597708e+00 9.874304084e-03 2.305020241e-03 1.704956174e-03 1.000831033e+00 4.642712398e-03
3.593520000e+00 1.796760000e-03 -9.571498358e-01 2.198241591e+00 1.125413547e-02 2.855361650e-03 2.106034729e-03 1.001031629e+00 4.708537106e-03
3.632580000e+00 1.816290000e-03 -9.145055083e-01 1.839144323e+00 1.247461201e-02 3.403569717e-03 2.507505179e-03 1.001232925e+00 4.670840999e-03
3.671640000e+00 1.835820000e-03 -8.581079250e-01 1.497707916e+00 1.351390385e-02 3.908070074e-03 2.876737941e-03 1.001418581e+00 4.530017055e-03
3.710700000e+00 1.855350000e-03 -7.888052498e-01 1.179068685e+00 1.435312182e-02 4.341781702e-03 3.194860156e-03 1.001579107e+00 4.292640009e-03
3.749760000e+00 1.874880000e-03 -7.076397261e-01 8.880203096e-01 1.497921892e-02 4.678418902e-03 3.442414170e-03 1.001704701e+00 3.970030729e-03
3.788820000e+00 1.894410000e-03 -6.158320028e-01 6.289410372e-01 1.538263287e-02 4.902015515e-03 3.608653453e-03 1.001789892e+00 3.579026695e-03
3.827880000e+00 1.913940000e-03 -5.147627772e-01 4.057280672e-01 1.555865892e-02 4.991925882e-03 3.676106111e-03 1.001825840e+00 3.139531862e-03
3.866940000e+00 1.933470000e-03 -4.059520299e-01 2.217389704e-01 1.550600875e-02 4.947812430e-03 3.645514353e-03 1.001812786e+00 2.677537878e-03
3.906000000e+00 1.953000000e-03 -2.910361668e-01 7.974106186e-02 1.522722306e-02 4.773243660e-03 3.519398156e-03 1.001751854e+00 2.221367291e-03
3.945060000e+00 1.972530000e-03 -1.717434085e-01 -1.813089969e-02 1.472797323e-02 4.483379096e-03 3.310082899e-03 1.001649070e+00 1.800190787e-03
3.984120000e+00 1.992060000e-03 -4.986779966e-02 -7.040478098e-02 1.401778382e-02 4.088387523e-03 3.022737515e-03 1.001506898e+00 1.441205352e-03
4.023180000e+00 2.011590000e-03 7.275777142e-02 -6.451409868e-02 1.310852163e-02 3.615927244e-03 2.678668411e-03 1.001335882e+00 1.169782945e-03
4.062240000e+00 2.031120000e-03 1.942891378e-01 -2.393374713e-02 1.201483960e-02 3.093783216e-03 2.298323412e-03 1.001146174e+00 1.004016729e-03
4.101300000e+00 2.050650000e-03 3.128985883e-01 6.250739909e-02 1.075638373e-02 2.551991565e-03 1.903395648e-03 1.000948584e+00 9.556117339e-04
4.140360000e+00 2.070180000e-03 4.268023543e-01 1.935080648e-01 9.353463938e-03 2.022516484e-03 1.517338670e-03 1.000754843e+00 1.027609857e-03
4.179420000e+00 2.089710000e-03 5.342874364e-01 3.670975476e-01 7.831852115e-03 1.536081940e-03 1.162369878e-03 1.000576107e+00 1.214636364e-03
4.218480000e+00 2.109240000e-03 6.337373654e-01 5.806646707e-01 6.237073678e-03 1.121315283e-03 8.592506131e-04 1.000422841e+00 1.503410024e-03
4.257540000e+00 2.128770000e-03 7.236565130e-01 8.309972583e-01 4.620671846e-03 8.028234262e-04 6.258193091e-04 1.000304082e+00 1.873661487e-03
4.296600000e+00 2.148300000e-03 8.026925845e-01 1.114330399e+00 3.078226792e-03 6.000071076e-04 4.761855770e-04 1.000227020e+00 2.300420628e-03
4.335660000e+00 2.167830000e-03 8.696569558e-01 1.426403121e+00 2.245753560e-03 5.257035095e-04 4.197360117e-04 1.000196495e+00 2.756171012e-03
4.374720000e+00 2.187360000e-03 9.235425492e-01 1.762522276e+00 2.686603747e-03 5.853021329e-04 4.605288972e-04 1.000214681e+00 3.212659635e-03
4.413780000e+00 2.206890000e-03 9.635389787e-01 2.117633234e+00 4.163095584e-03 7.762448955e-04 5.969328512e-04 1.000280892e+00 3.642945082e-03
4.452840000e+00 2.226420000e-03 9.890447378e-01 2.486395540e+00 5.796210557e-03 1.087855948e-03 8.214231133e-04 1.000391477e+00 4.023231167e-03
4.491900000e+00 2.245950000e-03 9.996762451e-01 2.863263179e+00 7.431385635e-03 1.505833098e-03 1.124950573e-03 1.000541998e+00 4.333608531e-03
4.530960000e+00 2.265480000e-03 9.952736133e-01 3.242568122e+00 9.007441473e-03 1.997264223e-03 1.481608851e-03 1.000719561e+00 4.558213018e-03
4.570020000e+00 2.285010000e-03 9.759030537e-01 3.618605307e+00 1.046980948e-02 2.536087979e-03 1.873650079e-03 1.000915323e+00 4.686409152e-03
4.609080000e+00 2.304540000e-03 9.418558801e-01 3.985718456e+00 1.178737920e-02 3.089085916e-03 2.276906700e-03 1.001117208e+00 4.712032304e-03
4.648140000e+00 2.324070000e-03 8.936441285e-01 4.338385233e+00 1.293701501e-02 3.622039621e-03 2.666350811e-03 1.001312684e+00 4.633584196e-03
4.687200000e+00 2.343600000e-03 8.319928556e-01 4.671300393e+00 1.389709441e-02 4.102165306e-03 3.017941869e-03 1.001489692e+00 4.454079623e-03
4.726260000e+00 2.363130000e-03 7.578292354e-01 4.979455523e+00 1.465113690e-02 4.504039325e-03 3.313945906e-03 1.001639303e+00 4.182469668e-03
4.765320000e+00 2.382660000e-03 6.722686153e-01 5.258214969e+00 1.518780508e-02 4.795747336e-03 3.528676824e-03 1.001748598e+00 3.830623255e-03
4.804380000e+00 2.402190000e-03 5.765977420e-01 5.503385170e+00 1.549959929e-02 4.964303317e-03 3.653524530e-03 1.001813167e+00 3.417492483e-03
4.843440000e+00 2.421720000e-03 4.722554107e-01 5.711278112e+00 1.558317440e-02 5.000332166e-03 3.681442804e-03 1.001829370e+00 2.966200016e-03
4.882500000e+00 2.441250000e-03 3.608108265e-01 5.878767278e+00 1.543847683e-02 4.906533464e-03 3.615501532e-03 1.001798607e+00 2.503728881e-03
4.921560000e+00 2.460780000e-03 2.439400053e-01 6.003333393e+00 1.506979302e-02 4.681788410e-03 3.452617356e-03 1.001719207e+00 2.057746930e-03
4.960620000e+00 2.480310000e-03 1.234005685e-01 6.083103172e+00 1.448411556e-02 4.344217429e-03 3.207110186e-03 1.001598193e+00 1.658110914e-03
4.999680000e+00 2.499840000e-03 1.005309480e-03 6.116878576e+00 1.369172809e-02 3.914243016e-03 2.894226296e-03 1.001443073e+00 1.330667404e-03
5.038740000e+00 2.519370000e-03 -1.214050684e-01 6.104151239e+00 1.270652029e-02 3.421937007e-03 2.536795281e-03 1.001265160e+00 1.099925459e-03
5.077800000e+00 2.538900000e-03 -2.419896344e-01 6.045113282e+00 1.154354717e-02 2.886954334e-03 2.146853377e-03 1.001070422e+00 9.796822231e-04
5.116860000e+00 2.558430000e-03 -3.589349164e-01 5.940653297e+00 1.022347371e-02 2.345356902e-03 1.752058869e-03 1.000872664e+00 9.787963601e-04
5.155920000e+00 2.577960000e-03 -4.704821733e-01 5.792343164e+00 8.768959665e-03 1.828577282e-03 1.375155730e-03 1.000683278e+00 1.097368362e-03
5.194980000e+00 2.597490000e-03 -5.749538450e-01 5.602413874e+00 7.211286608e-03 1.366627905e-03 1.037915597e-03 1.000513215e+00 1.326442815e-03
5.234040000e+00 2.617020000e-03 -6.707787813e-01 5.373722239e+00 5.598943455e-03 9.867234633e-04 7.600660795e-04 1.000372437e+00 1.649745462e-03
5.273100000e+00 2.636550000e-03 -7.565158700e-01 5.109707834e+00 3.996582227e-03 7.116099072e-04 5.581016658e-04 1.000269316e+00 2.045139867e-03
5.312160000e+00 2.656080000e-03 -8.308757105e-01 4.814341212e+00 2.567682661e-03 5.581660577e-04 4.443217942e-04 1.000210144e+00 2.486134003e-03
5.351220000e+00 2.675610000e-03 -8.927400045e-01 4.492064296e+00 2.263904702e-03 5.363607164e-04 4.260570385e-04 1.000198734e+00 2.944768139e-03
5.390280000e+00 2.695140000e-03 -9.411783743e-01 4.147723544e+00 3.222681640e-03 6.484407574e-04 5.051102977e-04 1.000236125e+00 3.393132666e-03
5.429340000e+00 2.714670000e-03 -9.754623551e-01 3.786497360e+00 4.801355910e-03 8.886014026e-04 6.775008184e-04 1.000320453e+00 3.805407382e-03
5.468400000e+00 2.734200000e-03 -9.950763496e-01 3.413818185e+00 6.445062061e-03 1.243062000e-03 9.334626882e-04 1.000446935e+00 4.159063962e-03
5.507460000e+00 2.753730000e-03 -9.997253829e-01 3.035290954e+00 8.064675017e-03 1.690730549e-03 1.257896238e-03 1.000608098e+00 4.435880504e-03
5.546520000e+00 2.773260000e-03 -9.893395382e-01 2.656608839e+00 9.599421778e-03 2.204423484e-03 1.631207123e-03 1.000794191e+00 4.622221122e-03
5.585580000e+00 2.792790000e-03 -9.640750081e-01 2.283467652e+00 1.100771458e-02 2.752563441e-03 2.030498006e-03 1.000993787e+00 4.709146371e-03
5.624640000e+00 2.812320000e-03 -9.243117463e-01 1.921480216e+00 1.226103797e-02 3.305235631e-03 2.435053357e-03 1.001196524e+00 4.692801992e-03
5.663700000e+00 2.831850000e-03 -8.706477527e-01 1.576091955e+00 1.333734031e-02 3.820593941e-03 2.812054745e-03 1.001385971e+00 4.572716155e-03
5.702760000e+00 2.851380000e-03 -8.038900805e-01 1.252498563e+00 1.421703083e-02 4.270872834e-03 3.142164978e-03 1.001552409e+00 4.354326393e-03
5.741820000e+00 2.870910000e-03 -7.250426990e-01 9.555683065e-01 1.488579039e-02 4.628732922e-03 3.405150152e-03 1.001685653e+00 4.047961183e-03
5.780880000e+00 2.890440000e-03 -6.352913944e-01 6.897678712e-01 1.533336515e-02 4.876795955e-03 3.589235375e-03 1.001779723e+00 3.669381641e-03
5.819940000e+00 2.909970000e-03 -5.359859375e-01 4.590959149e-01 1.555439429e-02 4.992999574e-03 3.675854967e-03 1.001825234e+00 3.237792811e-03
5.859000000e+00 2.929500000e-03 -4.286197838e-01 2.670218959e-01 1.554669761e-02 4.975293705e-03 3.664556241e-03 1.001821833e+00 2.778150877e-03
5.898060000e+00 2.949030000e-03 -3.148076137e-01 1.164345662e-01 1.531204289e-02 4.825604621e-03 3.556686261e-03 1.001770059e+00 2.318129129e-03
5.937120000e+00 2.968560000e-03 -1.962610493e-01 9.599019666e-03 1.485574165e-02 4.557889579e-03 3.363475141e-03 1.001675387e+00 1.887880643e-03
5.976180000e+00 2.988090000e-03 -7.476291344e-02 -5.187885141e-02 1.418624381e-02 4.180779592e-03 3.089162827e-03 1.001539816e+00 1.514044921e-03
6.015240000e+00 3.007620000e-03 4.785958247e-02 -3.668237875e-02 1.331499598e-02 3.720908619e-03 2.754298200e-03 1.001373508e+00 1.222908187e-03
6.054300000e+00 3.027150000e-03 1.697623177e-01 -5.369262203e-03 1.225664850e-02 3.206053556e-03 2.379340910e-03 1.001186610e+00 1.034595210e-03
6.093360000e+00 3.046680000e-03 2.891119961e-01 7.198243498e-02 1.102863529e-02 2.664802553e-03 1.984790390e-03 1.000989330e+00 9.617267217e-04
6.132420000e+00 3.066210000e-03 4.041137169e-01 1.942081499e-01 9.652178271e-03 2.129712881e-03 1.594658584e-03 1.000793667e+00 1.009421971e-03
6.171480000e+00 3.085740000e-03 5.130379682e-01 3.594690625e-01 8.151786357e-03 1.631677333e-03 1.231274038e-03 1.000610827e+00 1.174017963e-03
6.210540000e+00 3.105270000e-03 6.142466374e-01 5.652792904e-01 6.566559802e-03 1.199821032e-03 9.157861230e-04 1.000451461e+00 1.443405749e-03
6.249600000e+00 3.124800000e-03 7.062176465e-01 8.085432289e-01 4.948580105e-03 8.597510002e-04 6.667324779e-04 1.000324948e+00 1.798882628e-03
6.288660000e+00 3.144330000e-03 7.875678427e-01 1.085602227e+00 3.377691432e-03 6.319973154e-04 4.990372402e-04 1.000238886e+00 2.216144672e-03
6.327720000e+00 3.163860000e-03 8.570737998e-01 1.392289685e+00 2.279584222e-03 5.307974379e-04 4.230923605e-04 1.000198614e+00 2.668012098e-03
6.366780000e+00 3.183390000e-03 9.136902172e-01 1.723993402e+00 2.473231465e-03 5.630998681e-04 4.440720968e-04 1.000206865e+00 3.126218943e-03
6.405840000e+00 3.202920000e-03 9.565656400e-01 2.075725190e+00 3.840518514e-03 7.319437971e-04 5.654843299e-04 1.000265528e+00 3.563576247e-03
6.444900000e+00 3.222450000e-03 9.850552644e-01 2.442195388e+00 5.462021782e-03 1.020281877e-03 7.729890445e-04 1.000367547e+00 3.955362814e-03
6.483960000e+00 3.241980000e-03 9.987306348e-01 2.817892591e+00 7.101969302e-03 1.415296956e-03 1.058623036e-03 1.000509034e+00 4.280702949e-03
6.523020000e+00 3.261510000e-03 9.973860872e-01 3.197166398e+00 8.695928102e-03 1.893276443e-03 1.405361355e-03 1.000681539e+00 4.523194212e-03
6.562080000e+00 3.281040000e-03 9.810418422e-01 3.574312282e+00 1.018377892e-02 2.425039725e-03 1.792115872e-03 1.000874556e+00 4.671091240e-03
6.601140000e+00 3.300570000e-03 9.499437010e-01 3.943657377e+00 1.153259443e-02 2.977817300e-03 2.195068418e-03 1.001076187e+00 4.717321585e-03
6.640200000e+00 3.320100000e-03 9.045593489e-01 4.299645869e+00 1.271797772e-02 3.517405503e-03 2.589238653e-03 1.001273930e+00 4.659395510e-03
6.679260000e+00 3.339630000e-03 8.455713214e-01 4.636922489e+00 1.371764863e-02 4.014567605e-03 2.954259706e-03 1.001457564e+00 4.500015648e-03
6.718320000e+00 3.359160000e-03 7.738667400e-01 4.950413342e+00 1.451419237e-02 4.431019856e-03 3.259772032e-03 1.001611858e+00 4.245369004e-03
6.757380000e+00 3.378690000e-03 6.905239706e-01 5.235402364e+00 1.509542191e-02 4.745613738e-03 3.491190854e-03 1.001729441e+00 3.908091339e-03
6.796440000e+00 3.398220000e-03 5.967964055e-01 5.487602340e+00 1.545275103e-02 4.939887101e-03 3.634831158e-03 1.001803373e+00 3.505478842e-03
6.835500000e+00 3.417750000e-03 4.940936146e-01 5.703219632e+00 1.558223899e-02 5.006888149e-03 3.686558416e-03 1.001831468e+00 3.060283089e-03
6.874560000e+00 3.437280000e-03 3.839601457e-01 5.879010899e+00 1.548324013e-02 4.935689290e-03 3.636028266e-03 1.001808431e+00 2.597357314e-03
6.913620000e+00 3.456810000e-03 2.680522972e-01 6.012332596e+00 1.515908841e-02 4.735573559e-03 3.491198533e-03 1.001738104e+00 2.145518698e-03
6.952680000e+00 3.476340000e-03 1.481132080e-01 6.101179763e+00 1.461606804e-02 4.419069622e-03 3.261137081e-03 1.001624884e+00 1.734162858e-03
6.991740000e+00 3.495870000e-03 2.594664310e-02 6.144216792e+00 1.386431421e-02 4.005870142e-03 2.960480934e-03 1.001475970e+00 1.390341405e-03
7.030800000e+00 3.515400000e-03 -9.661013359e-02 6.140796993e+00 1.291645358e-02 3.524580308e-03 2.611044513e-03 1.001302163e+00 1.139013003e-03
7.069860000e+00 3.534930000e-03 -2.177139897e-01 6.090972350e+00 1.178732632e-02 2.994909640e-03 2.225013374e-03 1.001109497e+00 9.956084086e-04
7.108920000e+00 3.554460000e-03 -3.355436434e-01 5.995492792e+00 1.049761587e-02 2.452445929e-03 1.829667373e-03 1.000911582e+00 9.706559679e-04
7.147980000e+00 3.573990000e-03 -4.483270535e-01 5.855794941e+00 9.067930008e-03 1.928234605e-03 1.447366468e-03 1.000719608e+00 1.065722784e-03
7.187040000e+00 3.593520000e-03 -5.543680694e-01 5.673980539e+00 7.526878476e-03 1.453124457e-03 1.100588392e-03 1.000544871e+00 1.273826048e-03
7.226100000e+00 3.613050000e-03 -6.520719396e-01 5.452784366e+00 5.922468153e-03 1.054928266e-03 8.094709824e-04 1.000397531e+00 1.580014082e-03
7.265160000e+00 3.632580000e-03 -7.399692945e-01 5.195533255e+00 4.310934069e-03 7.574053631e-04 5.912677648e-04 1.000286336e+00 1.963040054e-03
7.304220000e+00 3.652110000e-03 -8.167382453e-01 4.906096129e+00 2.810569306e-03 5.787056513e-04 4.591701646e-04 1.000218023e+00 2.397166593e-03
7.343280000e+00 3.671640000e-03 -8.812242631e-01 4.588825754e+00 2.242037219e-03 5.302562185e-04 4.215541339e-04 1.000196924e+00 2.854616219e-03
7.382340000e+00 3.691170000e-03 -9.324575420e-01 4.248493346e+00 2.938002388e-03 6.158850750e-04 4.813558945e-04 1.000224650e+00 3.307293696e-03
7.421400000e+00 3.710700000e-03 -9.696675845e-01 3.890216970e+00 4.477169894e-03 8.314218600e-04 6.357804098e-04 1.000299933e+00 3.728754517e-03
7.460460000e+00 3.730230000e-03 -9.922947884e-01 3.519384666e+00 6.118224941e-03 1.164628414e-03 8.761728451e-04 1.000418549e+00 4.095851803e-03
7.499520000e+00 3.749760000e-03 -9.999988630e-01 3.141573562e+00 7.746900680e-03 1.595789844e-03 1.188444179e-03 1.000573536e+00 4.389415365e-03
7.538580000e+00 3.769290000e-03 -9.926639467e-01 2.762465980e+00 9.303259061e-03 2.098821636e-03 1.553817385e-03 1.000755559e+00 4.594880328e-03
7.577640000e+00 3.788820000e-03 -9.704003493e-01 2.387764084e+00 1.073932068e-02 2.646855290e-03 1.953939589e-03 1.000955466e+00 4.702725333e-03
7.616700000e+00 3.808350000e-03 -9.335428932e-01 2.023104129e+00 1.202550850e-02 3.198300268e-03 2.356336546e-03 1.001157024e+00 4.707028214e-03
7.655760000e+00 3.827880000e-03 -8.826458780e-01 1.673971623e+00 1.313896690e-02 3.723056480e-03 2.740041692e-03 1.001349727e+00 4.607570533e-03
7.694820000e+00 3.847410000e-03 -8.184747444e-01 1.345618581e+00 1.405933817e-02 4.188795219e-03 3.081330671e-03 1.001521672e+00 4.408326986e-03
7.733880000e+00 3.866940000e-03 -7.419945625e-01 1.042984862e+00 1.477115956e-02 4.567137178e-03 3.359211083e-03 1.001662295e+00 4.118633175e-03
7.772940000e+00 3.886470000e-03 -6.543555185e-01 7.706229891e-01 1.526351255e-02 4.839327029e-03 3.560881548e-03 1.001765110e+00 3.753267713e-03
7.812000000e+00 3.906000000e-03 -5.568756165e-01 5.326303489e-01 1.553007749e-02 4.981916735e-03 3.666808550e-03 1.001820250e+00 3.330316400e-03
7.851060000e+00 3.925530000e-03 -4.510208576e-01 3.325865953e-01 1.556804935e-02 4.991037915e-03 3.675121640e-03 1.001826655e+00 2.874156180e-03
7.890120000e+00 3.945060000e-03 -3.383831925e-01 1.735008331e-01 1.537856622e-02 4.867272269e-03 3.586151465e-03 1.001784358e+00 2.412189107e-03
7.929180000e+00 3.964590000e-03 -2.206565798e-01 5.776518958e-02 1.496597355e-02 4.622677162e-03 3.409821623e-03 1.001698182e+00 1.973833606e-03
7.968240000e+00 3.984120000e-03 -9.961151100e-02 -1.287994786e-02 1.433821448e-02 4.265001937e-03 3.149714716e-03 1.001569794e+00 1.586398490e-03
8.007300000e+00 4.003650000e-03 2.293161610e-02 1.161345333e-02 1.350610896e-02 3.819486173e-03 2.825399209e-03 1.001408862e+00 1.276575551e-03
8.046360000e+00 4.023180000e-03 1.451298744e-01 3.364033119e-02 1.248422381e-02 3.313480782e-03 2.456904171e-03 1.001225308e+00 1.066523523e-03
8.085420000e+00 4.042710000e-03 2.651455234e-01 1.018556079e-01 1.128833825e-02 2.774815174e-03 2.064280843e-03 1.001029111e+00 9.698012608e-04
8.124480000e+00 4.062240000e-03 3.811736468e-01 2.152325521e-01 9.939457952e-03 2.235817086e-03 1.671288842e-03 1.000832135e+00 9.933295188e-04
8.163540000e+00 4.081770000e-03 4.914692965e-01 3.720652230e-01 8.461377760e-03 1.727808844e-03 1.300711829e-03 1.000645805e+00 1.134985336e-03
8.202600000e+00 4.101300000e-03 5.943737356e-01 5.699944228e-01 6.889165847e-03 1.280429962e-03 9.739790270e-04 1.000480904e+00 1.384644441e-03
8.241660000e+00 4.120830000e-03 6.883393833e-01 8.060431105e-01 5.272515167e-03 9.240668825e-04 7.142452167e-04 1.000349114e+00 1.724713458e-03
8.280720000e+00 4.140360000e-03 7.719530895e-01 1.076661051e+00 3.683318017e-03 6.723798937e-04 5.292113172e-04 1.000254417e+00 2.131584723e-03
8.319780000e+00 4.159890000e-03 8.439573870e-01 1.377778493e+00 2.380957521e-03 5.449603324e-04 4.342588301e-04 1.000204647e+00 2.578620718e-03
8.358840000e+00 4.179420000e-03 9.032694025e-01 1.704866991e+00 2.331994504e-03 5.502857262e-04 4.356534919e-04 1.000203083e+00 3.037656574e-03
8.397900000e+00 4.198950000e-03 9.489971422e-01 2.053007754e+00 3.527607533e-03 6.890002542e-04 5.340485879e-04 1.000250189e+00 3.481053229e-03
8.436960000e+00 4.218480000e-03 9.804529063e-01 2.416965201e+00 5.131745775e-03 9.536728151e-04 7.242834615e-04 1.000343504e+00 3.883660212e-03
8.476020000e+00 4.238010000e-03 9.971636312e-01 2.791265725e+00 6.775373947e-03 1.328983296e-03 9.954772434e-04 1.000477684e+00 4.223644862e-03
8.515080000e+00 4.257540000e-03 9.988780043e-01 3.170279989e+00 8.383365002e-03 1.792503699e-03 1.331550714e-03 1.000644760e+00 4.483710377e-03
8.554140000e+00 4.277070000e-03 9.855702430e-01 3.548307432e+00 9.895467638e-03 2.316010643e-03 1.712132954e-03 1.000834589e+00 4.651168573e-03
8.593200000e+00 4.296600000e-03 9.574404829e-01 3.919662021e+00 1.127463732e-02 2.867278868e-03 2.113828590e-03 1.001035489e+00 4.718007514e-03
8.632260000e+00 4.316130000e-03 9.149117677e-01 4.278757776e+00 1.249447268e-02 3.412221017e-03 2.511770937e-03 1.001235020e+00 4.680795155e-03
8.671320000e+00 4.335660000e-03 8.586236870e-01 4.620192672e+00 1.353279669e-02 3.921214817e-03 2.885303421e-03 1.001422820e+00 4.541384303e-03
8.710380000e+00 4.355190000e-03 7.894227579e-01 4.938830402e+00 1.437121623e-02 4.355202908e-03 3.203555105e-03 1.001583407e+00 4.304813074e-03
8.749440000e+00 4.374720000e-03 7.083496935e-01 5.229877340e+00 1.499646625e-02 4.691902714e-03 3.451082361e-03 1.001708984e+00 3.982824463e-03
8.788500000e+00 4.394250000e-03 6.166237524e-01 5.488955210e+00 1.539900874e-02 4.911416344e-03 3.613172588e-03 1.001792102e+00 3.591598000e-03
8.827560000e+00 4.413780000e-03 5.156244017e-01 5.712166873e+00 1.557422321e-02 5.005069207e-03 3.684378594e-03 1.001829922e+00 3.153058201e-03
8.866620000e+00 4.433310000e-03 4.068705715e-01 5.896154691e+00 1.552080867e-02 4.960545662e-03 3.653405774e-03 1.001816677e+00 2.691190103e-03
8.905680000e+00 4.452840000e-03 2.919978115e-01 6.038151401e+00 1.524135989e-02 4.785427588e-03 3.526806154e-03 1.001755502e+00 2.234963762e-03
8.944740000e+00 4.472370000e-03 1.727336940e-01 6.136022221e+00 1.474145600e-02 4.490997321e-03 3.313002182e-03 1.001650478e+00 1.812955304e-03
8.983800000e+00 4.491900000e-03 5.087183316e-02 6.188295021e+00 1.403061032e-02 4.099332688e-03 3.029108208e-03 1.001510030e+00 1.454322471e-03
9.022860000e+00 4.511430000e-03 -7.175508961e-02 6.182405125e+00 1.312061680e-02 3.626106650e-03 2.684458719e-03 1.001338726e+00 1.182363857e-03
9.061920000e+00 4.530960000e-03 -1.933028870e-01 6.141823851e+00 1.202629067e-02 3.103123817e-03 2.303425969e-03 1.001148676e+00 1.016165127e-03
9.100980000e+00 4.550490000e-03 -3.119436007e-01 6.055381942e+00 1.076720913e-02 2.560532510e-03 1.907896696e-03 1.000950788e+00 9.671795636e-04
9.140040000e+00 4.570020000e-03 -4.258929921e-01 5.924380580e+00 9.363746657e-03 2.030229239e-03 1.521223565e-03 1.000756741e+00 1.038573912e-03
9.179100000e+00 4.589550000e-03 -5.334373754e-01 5.750790491e+00 7.841705231e-03 1.542957170e-03 1.165645580e-03 1.000577703e+00 1.224967846e-03
9.218160000e+00 4.609080000e-03 -6.329593897e-01 5.537222872e+00 6.246068980e-03 1.127369473e-03 8.619523280e-04 1.000424153e+00 1.513078809e-03
9.257220000e+00 4.628610000e-03 -7.229623226e-01 5.286889879e+00 4.628952836e-03 8.080716313e-04 6.279714880e-04 1.000305121e+00 1.882670605e-03
9.296280000e+00 4.648140000e-03 -8.020926194e-01 5.003556444e+00 3.085099107e-03 6.044794018e-04 4.778252228e-04 1.000227806e+00 2.308770097e-03
9.335340000e+00 4.667670000e-03 -8.691602388e-01 4.691483544e+00 2.246108594e-03 5.294445905e-04 4.209100407e-04 1.000197051e+00 2.763848099e-03
9.374400000e+00 4.687200000e-03 -9.231565504e-01 4.355364290e+00 2.682500552e-03 5.883623221e-04 4.612850444e-04 1.000215030e+00 3.219697003e-03
9.413460000e+00 4.706730000e-03 -9.632695032e-01 4.000253307e+00 4.156311348e-03 7.786889117e-04 5.973280441e-04 1.000281063e+00 3.649377526e-03
9.452520000e+00 4.726260000e-03 -9.888958382e-01 3.631491047e+00 5.789452260e-03 1.089753287e-03 8.215146434e-04 1.000391499e+00 4.029083847e-03
9.491580000e+00 4.745790000e-03 -9.996501607e-01 3.254623466e+00 7.424713628e-03 1.503278197e-03 1.120812117e-03 1.000539907e+00 4.338713980e-03
9.530640000e+00 4.765320000e-03 -9.953707364e-01 2.875318613e+00 9.001069450e-03 1.994331613e-03 1.477295409e-03 1.000717385e+00 4.562791745e-03
9.569700000e+00 4.784850000e-03 -9.761219236e-01 2.499281563e+00 1.046369539e-02 2.536838553e-03 1.873206227e-03 1.000915082e+00 4.690869115e-03
9.608760000e+00 4.804380000e-03 -9.421932054e-01 2.132168565e+00 1.178173297e-02 3.089602974e-03 2.276388520e-03 1.001116931e+00 4.716108635e-03
9.647820000e+00 4.823910000e-03 -8.940948360e-01 1.779501944e+00 1.293174208e-02 3.622400812e-03 2.665809154e-03 1.001312397e+00 4.637332671e-03
9.686880000e+00 4.843440000e-03 -8.325501671e-01 1.446586912e+00 1.389210345e-02 4.102425652e-03 3.017411660e-03 1.001489412e+00 4.457529631e-03
9.725940000e+00 4.862970000e-03 -7.584847696e-01 1.138431875e+00 1.464661160e-02 4.500307220e-03 3.309493314e-03 1.001637066e+00 4.185010996e-03
9.765000000e+00 4.882500000e-03 -6.730125135e-01 8.596725506e-01 1.518355478e-02 4.796011399e-03 3.528287943e-03 1.001748390e+00 3.833621781e-03
9.804060000e+00 4.902030000e-03 -5.774188168e-01 6.145024248e-01 1.549554965e-02 4.964603543e-03 3.653215338e-03 1.001813000e+00 3.420303539e-03
9.843120000e+00 4.921560000e-03 -4.731413139e-01 4.066095246e-01 1.557936475e-02 5.000710084e-03 3.681237095e-03 1.001829256e+00 2.968847115e-03
9.882180000e+00 4.941090000e-03 -3.617482350e-01 2.391203482e-01 1.543504432e-02 4.903041803e-03 3.611414778e-03 1.001796557e+00 2.505539984e-03
9.921240000e+00 4.960620000e-03 -2.449148215e-01 1.145542079e-01 1.506652071e-02 4.682377500e-03 3.452614894e-03 1.001719196e+00 2.060180924e-03
9.960300000e+00 4.980150000e-03 -1.243981320e-01 3.478435560e-02 1.448098574e-02 4.344939738e-03 3.207224417e-03 1.001598240e+00 1.660454886e-03
9.999360000e+00 4.999680000e-03 -2.010617944e-03 1.008835086e-03 1.368872828e-02 3.915034403e-03 2.894375417e-03 1.001443138e+00 1.332980796e-03
1.003842000e+01 5.019210000e-03 1.204071338e-01 1.373613689e-02 1.270379938e-02 3.418901407e-03 2.533041580e-03 1.001263276e+00 1.101769828e-03
1.007748000e+01 5.038740000e-03 2.410140816e-01 7.277384523e-02 1.154091725e-02 2.884087108e-03 2.143232913e-03 1.001068604e+00 9.815452697e-04
1.011654000e+01 5.058270000e-03 3.579964168e-01 1.772335521e-01 1.022088255e-02 2.342658964e-03 1.748556178e-03 1.000870905e+00 9.807208281e-04
1.015560000e+01 5.077800000e-03 4.695948410e-01 3.255433798e-01 8.766364521e-03 1.830007231e-03 1.375718975e-03 1.000683551e+00 1.099689066e-03
1.019466000e+01 5.097330000e-03 5.741310245e-01 5.154722983e-01 7.208820967e-03 1.368213092e-03 1.038563483e-03 1.000513530e+00 1.328813816e-03
1.023372000e+01 5.116860000e-03 6.700328470e-01 7.441635067e-01 5.596534221e-03 9.884838084e-04 7.608115745e-04 1.000372800e+00 1.652202695e-03
1.027278000e+01 5.136390000e-03 7.558580401e-01 1.008177426e+00 3.994242943e-03 7.135636651e-04 5.589541614e-04 1.000269732e+00 2.047713997e-03
1.031184000e+01 5.155920000e-03 8.303158781e-01 1.303543508e+00 2.566883692e-03 5.603307583e-04 4.452914188e-04 1.000210618e+00 2.488871293e-03
1.035090000e+01 5.175450000e-03 8.922865889e-01 1.625819827e+00 2.264067867e-03 5.387591366e-04 4.271603960e-04 1.000199274e+00 2.947701398e-03
1.038996000e+01 5.194980000e-03 9.408381945e-01 1.970159920e+00 3.224962617e-03 6.510878795e-04 5.063562369e-04 1.000236736e+00 3.396305139e-03
1.042902000e+01 5.214510000e-03 9.752405269e-01 2.331385407e+00 4.803960012e-03 8.915158867e-04 6.789040674e-04 1.000321141e+00 3.808856036e-03
1.046808000e+01 5.234040000e-03 9.949762092e-01 2.704063837e+00 6.447764455e-03 1.246251699e-03 9.350277392e-04 1.000447703e+00 4.162829379e-03
1.050714000e+01 5.253570000e-03 9.997484363e-01 3.082590299e+00 8.067420410e-03 1.694198484e-03 1.259624745e-03 1.000608946e+00 4.440012694e-03
1.054620000e+01 5.273100000e-03 9.894854386e-01 3.461271634e+00 9.602174394e-03 2.208166177e-03 1.633096089e-03 1.000795118e+00 4.626758657e-03
1.058526000e+01 5.292630000e-03 9.643415615e-01 3.834412042e+00 1.101059410e-02 2.756569954e-03 2.032539127e-03 1.000994788e+00 4.714107461e-03
1.062432000e+01 5.312160000e-03 9.246949438e-01 4.196398733e+00 1.226411306e-02 3.305522938e-03 2.433255951e-03 1.001195607e+00 4.697708688e-03
1.066338000e+01 5.331690000e-03 8.711418315e-01 4.541786244e+00 1.334034743e-02 3.825092642e-03 2.814370211e-03 1.001387105e+00 4.578532200e-03
1.070244000e+01 5.351220000e-03 8.044876102e-01 4.865378900e+00 1.422006223e-02 4.275561063e-03 3.144573006e-03 1.001553588e+00 4.360522300e-03
1.074150000e+01 5.370750000e-03 7.257346932e-01 5.162308467e+00 1.488886321e-02 4.633558714e-03 3.407612893e-03 1.001686858e+00 4.054469139e-03
1.078056000e+01 5.390280000e-03 6.360674463e-01 5.428108241e+00 1.533646055e-02 4.877769869e-03 3.587753440e-03 1.001778958e+00 3.675451997e-03
1.081962000e+01 5.409810000e-03 5.368343760e-01 5.658779588e+00 1.555738030e-02 4.998024864e-03 3.678374603e-03 1.001826466e+00 3.244740493e-03
1.085868000e+01 5.429340000e-03 4.295278492e-01 5.850853000e+00 1.554965231e-02 4.980339040e-03 3.667041383e-03 1.001823047e+00 2.785230561e-03
1.089774000e+01 5.448870000e-03 3.157616496e-01 6.001439770e+00 1.531500253e-02 4.830650898e-03 3.559137077e-03 1.001771255e+00 2.325244862e-03
1.093680000e+01 5.468400000e-03 1.972467080e-01 6.108274769e+00 1.485867107e-02 4.558902412e-03 3.361844246e-03 1.001674546e+00 1.894353735e-03
1.097586000e+01 5.487930000e-03 7.576537162e-02 6.169752128e+00 1.418910643e-02 4.185713297e-03 3.091444987e-03 1.001540929e+00 1.521127368e-03
1.101492000e+01 5.507460000e-03 -4.685540082e-02 6.154555978e+00 1.331772014e-02 3.725724696e-03 2.756505307e-03 1.001374584e+00 1.229743022e-03
1.105398000e+01 5.526990000e-03 -1.687715145e-01 6.123242445e+00 1.225927462e-02 3.210685465e-03 2.381376159e-03 1.001187601e+00 1.041293654e-03
1.109304000e+01 5.546520000e-03 -2.881494720e-01 6.045890344e+00 1.103110837e-02 2.669254325e-03 1.986670687e-03 1.000990244e+00 9.682399929e-04
1.113210000e+01 5.566050000e-03 -4.031939473e-01 5.923664286e+00 9.654515174e-03 2.133978606e-03 1.596402098e-03 1.000794514e+00 1.015695920e-03
1.117116000e+01 5.585580000e-03 -5.121747856e-01 5.758403072e+00 8.154178811e-03 1.635745094e-03 1.232884169e-03 1.000611608e+00 1.180027488e-03
1.121022000e+01 5.605110000e-03 -6.134530232e-01 5.552592582e+00 6.568795138e-03 1.203665785e-03 9.172479322e-04 1.000452169e+00 1.449134030e-03
1.124928000e+01 5.624640000e-03 -7.055055358e-01 5.309328435e+00 4.950612490e-03 8.633721043e-04 6.680583201e-04 1.000325590e+00 1.804315593e-03
1.128834000e+01 5.644170000e-03 -7.869479450e-01 5.032269278e+00 3.379541940e-03 6.353897660e-04 5.002307525e-04 1.000239463e+00 2.221292027e-03
1.132740000e+01 5.663700000e-03 -8.565554377e-01 4.725581737e+00 2.280117821e-03 5.339673352e-04 4.241677417e-04 1.000199133e+00 2.672844877e-03
1.136646000e+01 5.683230000e-03 -9.132811863e-01 4.393877983e+00 2.473264642e-03 5.660513362e-04 4.450381129e-04 1.000207331e+00 3.130755638e-03
1.140552000e+01 5.702760000e-03 -9.562720918e-01 4.042146191e+00 3.838728339e-03 7.307040503e-04 5.623690477e-04 1.000263954e+00 3.567698571e-03
1.144458000e+01 5.722290000e-03 -9.848816136e-01 3.675676007e+00 5.460275510e-03 1.018863163e-03 7.698052527e-04 1.000365941e+00 3.959197330e-03
1.148364000e+01 5.741820000e-03 -9.986794929e-01 3.299978852e+00 7.100137786e-03 1.413717946e-03 1.055385163e-03 1.000507402e+00 4.284256901e-03
1.152270000e+01 5.761350000e-03 -9.974582233e-01 2.920705119e+00 8.694087030e-03 1.895548541e-03 1.406081205e-03 1.000681886e+00 4.526762545e-03
1.156176000e+01 5.780880000e-03 -9.812361714e-01 2.543559355e+00 1.018199449e-02 2.427182148e-03 1.792801041e-03 1.000874886e+00 4.674488954e-03
1.160082000e+01 5.800410000e-03 -9.502573009e-01 2.174214379e+00 1.153097167e-02 2.979856370e-03 2.195738859e-03 1.001076510e+00 4.720569231e-03
1.163988000e+01 5.819940000e-03 -9.049875032e-01 1.818226016e+00 1.271647946e-02 3.519362844e-03 2.589904568e-03 1.001274251e+00 4.662524241e-03
1.167894000e+01 5.839470000e-03 -8.461075911e-01 1.480949499e+00 1.371623030e-02 4.012475780e-03 2.950934947e-03 1.001455892e+00 4.502463929e-03
1.171800000e+01 5.859000000e-03 -7.745030602e-01 1.167458722e+00 1.451299022e-02 4.428917485e-03 3.256494037e-03 1.001610211e+00 4.247624048e-03
