0.000000000e+00 0.000000000e+00 0.000000000e+00 0.000000000e+00 0.000000000e+00 -3.417405248e-17 -5.095750211e-18 1.000000000e+00 -1.453915113e-17
3.906000000e-02 5.859000000e-06 9.415176030e-01 1.348896602e-01 9.008454034e-04 7.862773286e-05 7.477967514e-05 1.000034562e+00 5.731882264e-04
7.812000000e-02 1.171800000e-05 6.345147005e-01 4.816255294e-01 2.679063814e-03 2.950456879e-04 2.681231915e-04 1.000104141e+00 6.059402211e-03
1.171800000e-01 1.757700000e-05 -5.139006324e-01 3.609525844e-01 3.555476591e-03 4.401612828e-04 3.773766306e-04 1.000160410e+00 5.746321303e-03
1.562400000e-01 2.343600000e-05 -9.808465214e-01 9.495619386e-02 2.487493054e-03 3.119971290e-04 2.683221911e-04 1.000133039e+00 2.484767673e-04
1.953000000e-01 2.929500000e-05 -1.471189118e-01 -2.054991693e-01 1.612029312e-03 2.939343991e-04 2.754872014e-04 1.000123066e+00 2.975614481e-03
2.343600000e-01 3.515400000e-05 8.816990260e-01 -1.423304634e-01 1.742472063e-03 3.287290507e-04 2.843748297e-04 1.000138311e+00 8.056175971e-04
2.734200000e-01 4.101300000e-05 7.413202222e-01 2.004198279e-01 2.750757834e-03 4.674119988e-04 3.826520509e-04 1.000180249e+00 2.281155599e-03
3.124800000e-01 4.687200000e-05 -3.821028662e-01 3.283469566e-02 3.679719861e-03 6.152066589e-04 4.987192050e-04 1.000229421e+00 4.088368043e-03
3.515400000e-01 5.273100000e-05 -9.988298906e-01 -1.971278195e-01 2.819872956e-03 4.883840299e-04 4.000102797e-04 1.000198781e+00 2.915938054e-04
3.906000000e-01 5.859000000e-05 -2.910361668e-01 -5.197456454e-01 2.033899063e-03 4.397131770e-04 3.890310689e-04 1.000176706e+00 3.625232470e-03
4.296600000e-01 6.444900000e-05 8.026925845e-01 -5.072186223e-01 2.073407147e-03 4.521197553e-04 3.811393561e-04 1.000182315e+00 1.703905067e-03
4.687200000e-01 7.030800000e-05 8.319928556e-01 -1.762043056e-01 2.632972994e-03 5.357280671e-04 4.283014902e-04 1.000206897e+00 1.519807771e-03
5.077800000e-01 7.616700000e-05 -2.419896344e-01 -3.866769124e-01 3.628717831e-03 6.824024767e-04 5.450722125e-04 1.000252088e+00 4.202083180e-03
5.468400000e-01 8.202600000e-05 -9.950763496e-01 -5.759014244e-01 2.969076077e-03 5.684693174e-04 4.541820192e-04 1.000225278e+00 4.236620391e-04
5.859000000e-01 8.788500000e-05 -4.286197838e-01 -9.138858305e-01 2.177366237e-03 4.986920808e-04 4.269746723e-04 1.000196811e+00 3.406965787e-03
6.249600000e-01 9.374400000e-05 7.062176465e-01 -8.753712306e-01 2.190929322e-03 5.051604602e-04 4.209608410e-04 1.000198897e+00 2.383588063e-03
6.640200000e-01 9.960300000e-05 9.045593489e-01 -5.633465362e-01 2.480877193e-03 5.485704080e-04 4.338948591e-04 1.000212072e+00 1.042793373e-03
7.030800000e-01 1.054620000e-04 -9.661013359e-02 -8.120898307e-01 3.501949265e-03 6.947437038e-04 5.520595381e-04 1.000254826e+00 4.357737629e-03
7.421400000e-01 1.113210000e-04 -9.696675845e-01 -9.565220985e-01 3.049307802e-03 6.051715793e-04 4.774574795e-04 1.000235659e+00 6.843692567e-04
7.812000000e-01 1.171800000e-04 -5.568756165e-01 -1.302585659e+00 2.226446562e-03 5.207553847e-04 4.365408393e-04 1.000203864e+00 2.954326397e-03
8.202600000e-01 1.230390000e-04 5.943737356e-01 -1.213843348e+00 2.241227445e-03 5.298236236e-04 4.397153487e-04 1.000205321e+00 2.983607446e-03
8.593200000e-01 1.288980000e-04 9.574404829e-01 -9.275762673e-01 2.350793724e-03 5.435943464e-04 4.277684799e-04 1.000210770e+00 6.874977195e-04
8.983800000e-01 1.347570000e-04 5.087183316e-02 -6.459562477e-01 3.341166281e-03 6.847461256e-04 5.432788325e-04 1.000250415e+00 4.361291920e-03
9.374400000e-01 1.406160000e-04 -9.231565504e-01 -7.424763652e-01 3.101752589e-03 6.250733751e-04 4.904193913e-04 1.000240229e+00 1.074150623e-03
9.765000000e-01 1.464750000e-04 -6.730125135e-01 -1.089132400e+00 2.247442069e-03 5.291515633e-04 4.366159970e-04 1.000206590e+00 2.415068321e-03
1.015560000e+00 1.523340000e-04 4.695948410e-01 -9.520802602e-01 2.273250540e-03 5.435500258e-04 4.507564202e-04 1.000208263e+00 3.506185642e-03
1.054620000e+00 1.581930000e-04 9.894854386e-01 -6.977697609e-01 2.274604201e-03 5.361230544e-04 4.211729576e-04 1.000208537e+00 4.718746109e-04
1.093680000e+00 1.640520000e-04 1.972467080e-01 -3.893707458e-01 3.164692674e-03 6.658354717e-04 5.281531642e-04 1.000243671e+00 4.193708362e-03
1.132740000e+00 1.699110000e-04 -8.565554377e-01 -4.358904907e-01 3.137802237e-03 6.379969583e-04 4.999027629e-04 1.000242535e+00 1.568373029e-03
1.171800000e+00 1.757700000e-04 -7.745030602e-01 -7.756357566e-01 2.264013621e-03 5.329942814e-04 4.340346341e-04 1.000208068e+00 1.858704914e-03
1.210860000e+00 1.816290000e-04 3.345964475e-01 -5.932400358e-01 2.297993294e-03 5.522076078e-04 4.580118670e-04 1.000209842e+00 3.921052338e-03
1.249920000e+00 1.874880000e-04 9.999968417e-01 -3.763915251e-01 2.246393358e-03 5.314191283e-04 4.177393419e-04 1.000207086e+00 4.174736295e-04
1.288980000e+00 1.933470000e-04 3.393290262e-01 -4.788972249e-02 2.981566310e-03 6.435976766e-04 5.104629848e-04 1.000236417e+00 3.869925512e-03
1.328040000e+00 1.992060000e-04 -7.713136448e-01 -5.237707998e-02 3.158774180e-03 6.471450738e-04 5.077442067e-04 1.000243685e+00 2.129082491e-03
1.367100000e+00 2.050650000e-04 -8.591385813e-01 -3.778573162e-01 2.287653429e-03 5.360107303e-04 4.315444178e-04 1.000209403e+00 1.339879827e-03
1.406160000e+00 2.109240000e-04 1.923164408e-01 -1.540662203e-01 2.314406251e-03 5.575485849e-04 4.623876922e-04 1.000210665e+00 4.197328860e-03
1.445220000e+00 2.167830000e-04 9.887459391e-01 2.062613460e-02 2.244543407e-03 5.308437874e-04 4.182585793e-04 1.000206780e+00 5.311294407e-04
1.484280000e+00 2.226420000e-04 4.740267390e-01 3.621195523e-01 2.801648331e-03 6.206212942e-04 4.919428830e-04 1.000229374e+00 3.419354768e-03
1.523340000e+00 2.285010000e-04 -6.692862356e-01 3.067223371e-01 3.163123872e-03 6.532427293e-04 5.139992754e-04 1.000243934e+00 2.710851506e-03
1.562400000e+00 2.343600000e-04 -9.250772068e-01 2.552673756e-03 2.323330300e-03 5.398043106e-04 4.303797818e-04 1.000210978e+00 9.062825650e-04
1.601460000e+00 2.402190000e-04 4.585117181e-02 2.628947979e-01 2.320288441e-03 5.600686723e-04 4.640087616e-04 1.000210905e+00 4.313164756e-03
1.640520000e+00 2.460780000e-04 9.559775771e-01 3.916494301e-01 2.251599814e-03 5.342005731e-04 4.224083461e-04 1.000207503e+00 8.039910296e-04
1.679580000e+00 2.519370000e-04 5.984085044e-01 7.387421264e-01 2.634405120e-03 5.985294880e-04 4.737930557e-04 1.000222948e+00 2.881870102e-03
1.718640000e+00 2.577960000e-04 -5.526935687e-01 6.336343589e-01 3.149093277e-03 6.562544473e-04 5.182505456e-04 1.000243316e+00 3.264902494e-03
1.757700000e+00 2.636550000e-04 -9.708839558e-01 3.573595516e-01 2.372017056e-03 5.451001618e-04 4.311704244e-04 1.000212914e+00 5.969702619e-04
1.796760000e+00 2.695140000e-04 -1.016119276e-01 6.610198293e-02 2.315388894e-03 5.600024668e-04 4.629343807e-04 1.000210635e+00 4.259658887e-03
1.835820000e+00 2.753730000e-04 9.024048731e-01 1.461317571e-01 2.277980378e-03 5.406817638e-04 4.294286729e-04 1.000208990e+00 1.212849046e-03
1.874880000e+00 2.812320000e-04 7.097674799e-01 4.913101987e-01 2.488614369e-03 5.785035540e-04 4.569984274e-04 1.000217403e+00 2.303820149e-03
1.913940000e+00 2.870910000e-04 -4.240729774e-01 3.387672318e-01 3.115312481e-03 6.560402926e-04 5.200849605e-04 1.000241857e+00 3.744255334e-03
1.953000000e+00 2.929500000e-04 -9.955619646e-01 9.636770936e-02 2.433878497e-03 5.521610483e-04 4.341995371e-04 1.000215217e+00 4.396490228e-04
1.992060000e+00 2.988090000e-04 -2.468637102e-01 -2.195004759e-01 2.301962253e-03 5.576954551e-04 4.594128642e-04 1.000209953e+00 4.042169778e-03
2.031120000e+00 3.046680000e-04 8.291936963e-01 -1.899279486e-01 2.323128680e-03 5.491687143e-04 4.383071322e-04 1.000210906e+00 1.722577877e-03
2.070180000e+00 3.105270000e-04 8.056802297e-01 1.458641440e-01 2.373138970e-03 5.614827659e-04 4.424240064e-04 1.000212923e+00 1.735118478e-03
2.109240000e+00 3.163860000e-04 -2.862235511e-01 -5.081186291e-02 3.061273887e-03 6.524714785e-04 5.191341705e-04 1.000239574e+00 4.108251999e-03
2.148300000e+00 3.222450000e-04 -9.985741811e-01 -2.540889657e-01 2.504943712e-03 5.609110859e-04 4.394568445e-04 1.000217809e+00 4.487245930e-04
2.187360000e+00 3.281040000e-04 -3.867431523e-01 -5.877301994e-01 2.283442447e-03 5.537574924e-04 4.539994565e-04 1.000209044e+00 3.679616458e-03
2.226420000e+00 3.339630000e-04 7.379372959e-01 -5.662053264e-01 2.375702104e-03 5.585138179e-04 4.479974680e-04 1.000212947e+00 2.289191334e-03
2.265480000e+00 3.398220000e-04 8.840594646e-01 -2.470684618e-01 2.295184078e-03 5.481384389e-04 4.307545297e-04 1.000209609e+00 1.224639947e-03
2.304540000e+00 3.456810000e-04 -1.421452208e-01 -4.836200044e-01 2.988142603e-03 6.455992738e-04 5.152246519e-04 1.000236535e+00 4.325887216e-03
2.343600000e+00 3.515400000e-04 -9.798550524e-01 -6.433744345e-01 2.580904192e-03 5.710269053e-04 4.466966220e-04 1.000220569e+00 6.241037796e-04
2.382660000e+00 3.573990000e-04 -5.182061451e-01 -9.875664369e-01 2.266110771e-03 5.488136580e-04 4.472931366e-04 1.000208049e+00 3.203800630e-03
2.421720000e+00 3.632580000e-04 6.306216276e-01 -9.154101336e-01 2.427098374e-03 5.675268122e-04 4.573886011e-04 1.000214798e+00 2.864060061e-03
2.460780000e+00 3.691170000e-04 9.431994664e-01 -6.198368378e-01 2.256026318e-03 5.389314604e-04 4.225248084e-04 1.000207513e+00 8.160699543e-04
2.499840000e+00 3.749760000e-04 5.026527079e-03 -3.485304306e-01 2.898212113e-03 6.356969255e-04 5.084147639e-04 1.000232862e+00 4.378610524e-03
2.538900000e+00 3.808350000e-04 -9.398119511e-01 -4.613040803e-01 2.655390760e-03 5.819537948e-04 4.554305491e-04 1.000223323e+00 9.512277083e-04
2.577960000e+00 3.866940000e-04 -6.383917417e-01 -8.085961518e-01 2.252750466e-03 5.436816026e-04 4.401035183e-04 1.000207169e+00 2.656099007e-03
2.617020000e+00 3.925530000e-04 5.095821354e-01 -6.873703934e-01 2.468589307e-03 5.752734308e-04 4.655873911e-04 1.000216258e+00 3.397358399e-03
2.656080000e+00 3.984120000e-04 9.818132083e-01 -4.217589317e-01 2.245187615e-03 5.340249093e-04 4.180133045e-04 1.000206600e+00 5.444908235e-04
2.695140000e+00 4.042710000e-04 1.520888858e-01 -1.215706616e-01 2.796173503e-03 6.232614228e-04 4.989985274e-04 1.000228722e+00 4.262125401e-03
2.734200000e+00 4.101300000e-04 -8.793163102e-01 -1.849223892e-01 2.724783868e-03 5.930114951e-04 4.650208054e-04 1.000225889e+00 1.402443564e-03
2.773260000e+00 4.159890000e-04 -7.446844182e-01 -5.277967631e-01 2.245751896e-03 5.391439776e-04 4.332384804e-04 1.000206571e+00 2.084094571e-03
2.812320000e+00 4.218480000e-04 3.774529259e-01 -3.601257471e-01 2.495041105e-03 5.809690217e-04 4.718088423e-04 1.000217162e+00 3.843194691e-03
2.851380000e+00 4.277070000e-04 9.990603635e-01 -1.302257916e-01 2.247291968e-03 5.332974785e-04 4.172439166e-04 1.000206767e+00 4.331335696e-04
2.890440000e+00 4.335660000e-04 2.958414292e-01 1.923461394e-01 2.685818826e-03 6.090701822e-04 4.875764896e-04 1.000224368e+00 3.986447632e-03
2.929500000e+00 4.394250000e-04 -7.996846585e-01 1.797876243e-01 2.783588662e-03 6.034204746e-04 4.747021438e-04 1.000228077e+00 1.939188506e-03
2.968560000e+00 4.452840000e-04 -8.347709935e-01 -1.512468864e-01 2.245128116e-03 5.359708701e-04 4.275154596e-04 1.000206421e+00 1.537311774e-03
3.007620000e+00 4.511430000e-04 2.371094445e-01 5.923981077e-02 2.504119625e-03 5.840678415e-04 4.754740008e-04 1.000217410e+00 4.163336125e-03
3.046680000e+00 4.570020000e-04 9.945655929e-01 2.484516476e-01 2.266670863e-03 5.363535958e-04 4.199799381e-04 1.000207847e+00 4.913939542e-04
3.085740000e+00 4.628610000e-04 4.331557606e-01 5.864244981e-01 2.575308916e-03 5.939836969e-04 4.748655193e-04 1.000220042e+00 3.574950841e-03
3.124800000e+00 4.687200000e-04 -7.026499698e-01 5.479179977e-01 2.827189584e-03 6.124156824e-04 4.836842109e-04 1.000229716e+00 2.515703389e-03
3.163860000e+00 4.745790000e-04 -9.066909699e-01 2.358891920e-01 2.250557726e-03 5.347473130e-04 4.235951325e-04 1.000206812e+00 1.063366888e-03
3.202920000e+00 4.804380000e-04 9.160589861e-02 4.846351733e-01 2.495605081e-03 5.843268475e-04 4.762799729e-04 1.000216986e+00 4.330275193e-03
3.241980000e+00 4.862970000e-04 9.684267135e-01 6.290630533e-01 2.307518003e-03 5.425482769e-04 4.257328819e-04 1.000209623e+00 7.141741280e-04
3.281040000e+00 4.921560000e-04 5.610435942e-01 9.751207268e-01 2.470295681e-03 5.788902349e-04 4.616430186e-04 1.000215956e+00 3.063496463e-03
3.320100000e+00 4.980150000e-04 -5.903239494e-01 8.863828326e-01 2.852923026e-03 6.192263025e-04 4.911362706e-04 1.000230635e+00 3.082639904e-03
3.359160000e+00 5.038740000e-04 -9.588791979e-01 6.001141607e-01 2.269794766e-03 5.358955194e-04 4.219983423e-04 1.000207802e+00 7.033291100e-04
3.398220000e+00 5.097330000e-04 -5.589120917e-02 3.184934909e-01 2.471259297e-03 5.817886443e-04 4.741917540e-04 1.000215943e+00 4.329775736e-03
3.437280000e+00 5.155920000e-04 9.212125693e-01 4.150110260e-01 2.365405199e-03 5.510576725e-04 4.338240810e-04 1.000211849e+00 1.082150914e-03
3.476340000e+00 5.214510000e-04 6.767217870e-01 7.616624081e-01 2.380048487e-03 5.648123968e-04 4.488706617e-04 1.000212376e+00 2.495683377e-03
3.515400000e+00 5.273100000e-04 -4.651510781e-01 6.246140840e-01 2.858745296e-03 6.233333635e-04 4.964460371e-04 1.000230772e+00 3.591099884e-03
3.554460000e+00 5.331690000e-04 -9.901999377e-01 3.703023504e-01 2.306998485e-03 5.395914520e-04 4.230132635e-04 1.000209379e+00 4.885106500e-04
3.593520000e+00 5.390280000e-04 -2.021719915e-01 6.190323043e-02 2.434411248e-03 5.767663607e-04 4.694346611e-04 1.000214393e+00 4.162210076e-03
3.632580000e+00 5.448870000e-04 8.539506522e-01 1.084211300e-01 2.430504408e-03 5.608785499e-04 4.433695999e-04 1.000214240e+00 1.563687022e-03
3.671640000e+00 5.507460000e-04 7.776729069e-01 4.481622634e-01 2.309944251e-03 5.526001031e-04 4.373791684e-04 1.000209473e+00 1.920681714e-03
3.710700000e+00 5.566050000e-04 -3.298554149e-01 2.657702359e-01 2.843683368e-03 6.243569224e-04 4.991076349e-04 1.000230088e+00 3.997559417e-03
3.749760000e+00 5.624640000e-04 -9.999715757e-01 4.892046646e-02 2.361769420e-03 5.457565331e-04 4.266816684e-04 1.000211470e+00 4.377792098e-04
3.788820000e+00 5.683230000e-04 -3.440530313e-01 -2.795812045e-01 2.389813407e-03 5.699002608e-04 4.625682117e-04 1.000212544e+00 3.841925709e-03
3.827880000e+00 5.741820000e-04 7.681047413e-01 -2.750925202e-01 2.493632864e-03 5.710350826e-04 4.534801345e-04 1.000216558e+00 2.117078566e-03
3.866940000e+00 5.800410000e-04 8.617000178e-01 5.038401016e-02 2.266697421e-03 5.430249650e-04 4.279708407e-04 1.000207405e+00 1.387714900e-03
3.906000000e+00 5.859000000e-04 -1.873813146e-01 -1.734034371e-01 2.808199015e-03 6.221262985e-04 4.988024628e-04 1.000228597e+00 4.267218861e-03
3.945060000e+00 5.917590000e-04 -9.879814578e-01 -3.480971641e-01 2.428618447e-03 5.540631024e-04 4.327951149e-04 1.000213948e+00 5.557477141e-04
3.984120000e+00 5.976180000e-04 -4.784466602e-01 -6.895903317e-01 2.343139581e-03 5.619269382e-04 4.542681794e-04 1.000210598e+00 3.396488947e-03
4.023180000e+00 6.034770000e-04 6.655430474e-01 -6.341922569e-01 2.548764047e-03 5.804690010e-04 4.631448154e-04 1.000218531e+00 2.694978660e-03
4.062240000e+00 6.093360000e-04 9.269744902e-01 -3.300258992e-01 2.248161445e-03 5.366494935e-04 4.212763032e-04 1.000206260e+00 9.426943141e-04
4.101300000e+00 6.151950000e-04 -4.082935198e-02 -5.903644206e-01 2.753877253e-03 6.167284597e-04 4.954587134e-04 1.000226377e+00 4.376931445e-03
4.140360000e+00 6.210540000e-04 -9.544905175e-01 -7.191205784e-01 2.501610943e-03 5.639512481e-04 4.408979375e-04 1.000216635e+00 8.325312496e-04
4.179420000e+00 6.269130000e-04 -6.024281537e-01 -1.066212958e+00 2.300113584e-03 5.536633442e-04 4.453079169e-04 1.000208750e+00 2.864828270e-03
4.218480000e+00 6.327720000e-04 5.484975564e-01 -9.611047162e-01 2.589906706e-03 5.883163900e-04 4.715090331e-04 1.000219979e+00 3.247386452e-03
4.257540000e+00 6.386310000e-04 9.720757966e-01 -6.848328039e-01 2.245880246e-03 5.337710674e-04 4.176962144e-04 1.000206049e+00 6.239735291e-04
4.296600000e+00 6.444900000e-04 1.066111543e-01 -3.935787788e-01 2.684128192e-03 6.084959896e-04 4.892463431e-04 1.000223560e+00 4.317435713e-03
4.335660000e+00 6.503490000e-04 -9.002275971e-01 -4.736102320e-01 2.575626209e-03 5.747274773e-04 4.503808616e-04 1.000219342e+00 1.244487675e-03
4.374720000e+00 6.562080000e-04 -7.132993801e-01 -8.187883593e-01 2.269130301e-03 5.460219471e-04 4.365929823e-04 1.000207226e+00 2.292545570e-03
4.413780000e+00 6.620670000e-04 4.195154562e-01 -6.662452509e-01 2.613516524e-03 5.938932725e-04 4.778562103e-04 1.000220780e+00 3.726613526e-03
4.452840000e+00 6.679260000e-04 9.960224256e-01 -4.238482062e-01 2.259138465e-03 5.344337038e-04 4.174030742e-04 1.000206721e+00 4.588757654e-04
4.491900000e+00 6.737850000e-04 2.517315487e-01 -1.079834769e-01 2.604260305e-03 5.980457812e-04 4.806305193e-04 1.000220353e+00 4.094002428e-03
4.530960000e+00 6.796440000e-04 -8.263735866e-01 -1.375578463e-01 2.643433004e-03 5.855220994e-04 4.604279318e-04 1.000221835e+00 1.756400817e-03
4.570020000e+00 6.855030000e-04 -8.086475183e-01 -4.733496713e-01 2.251727416e-03 5.398065225e-04 4.289480762e-04 1.000206193e+00 1.729313850e-03
4.609080000e+00 6.913620000e-04 2.814037036e-01 -2.766738093e-01 2.617890152e-03 5.966891736e-04 4.816092548e-04 1.000220848e+00 4.091594553e-03
4.648140000e+00 6.972210000e-04 9.982932416e-01 -7.339877505e-02 2.291611926e-03 5.383994294e-04 4.202980994e-04 1.000208158e+00 4.616095735e-04
4.687200000e+00 7.030800000e-04 3.913736668e-01 2.602391204e-01 2.519138854e-03 5.861979907e-04 4.703041662e-04 1.000217009e+00 3.725462276e-03
4.726260000e+00 7.089390000e-04 -7.345357247e-01 2.387162486e-01 2.700441400e-03 5.955300762e-04 4.702527507e-04 1.000223938e+00 2.324255604e-03
4.765320000e+00 7.147980000e-04 -8.863975665e-01 -8.042043853e-02 2.245419392e-03 5.356964136e-04 4.231114847e-04 1.000205780e+00 1.223803754e-03
4.804380000e+00 7.206570000e-04 1.371679383e-01 1.561307259e-01 2.603097241e-03 5.964702591e-04 4.824439789e-04 1.000220178e+00 4.310970712e-03
4.843440000e+00 7.265160000e-04 9.788388262e-01 3.158834854e-01 2.344969879e-03 5.451813902e-04 4.260345790e-04 1.000210186e+00 6.319559195e-04
4.882500000e+00 7.323750000e-04 5.224985647e-01 6.600723013e-01 2.437358006e-03 5.737569083e-04 4.589713690e-04 1.000213722e+00 3.243834101e-03
4.921560000e+00 7.382340000e-04 -6.267126214e-01 5.879181491e-01 2.741881043e-03 6.038624307e-04 4.789459497e-04 1.000225438e+00 2.899576677e-03
4.960620000e+00 7.440930000e-04 -9.448574988e-01 2.923449059e-01 2.252078547e-03 5.341961399e-04 4.196729575e-04 1.000206065e+00 8.196059228e-04
4.999680000e+00 7.499520000e-04 -1.005292716e-02 2.103905577e-02 2.570577857e-03 5.932812443e-04 4.802984937e-04 1.000218831e+00 4.365903587e-03
5.038740000e+00 7.558110000e-04 9.380825537e-01 1.338114218e-01 2.409925913e-03 5.540669557e-04 4.340302607e-04 1.000212587e+00 9.552178020e-04
5.077800000e+00 7.616700000e-04 6.422526532e-01 4.811004926e-01 2.363899302e-03 5.617329215e-04 4.475781142e-04 1.000210761e+00 2.690532867e-03
5.116860000e+00 7.675290000e-04 -5.052507632e-01 3.598770210e-01 2.764655231e-03 6.098546255e-04 4.857878574e-04 1.000226220e+00 3.432587326e-03
5.155920000e+00 7.733880000e-04 -9.827550885e-01 9.426546184e-02 2.273765525e-03 5.355525817e-04 4.189875687e-04 1.000207053e+00 5.517988820e-04
5.194980000e+00 7.792470000e-04 -1.570550170e-01 -2.059221185e-01 2.524000542e-03 5.874214838e-04 4.753576473e-04 1.000216922e+00 4.251928737e-03
5.234040000e+00 7.851060000e-04 8.769113775e-01 -1.425713048e-01 2.478026010e-03 5.641880243e-04 4.435221788e-04 1.000215116e+00 1.403628708e-03
5.273100000e+00 7.909650000e-04 7.480297989e-01 2.003002741e-01 2.304176731e-03 5.509838934e-04 4.369614890e-04 1.000208308e+00 2.113291548e-03
5.312160000e+00 7.968240000e-04 -3.727934488e-01 3.263164136e-02 2.767172866e-03 6.130224881e-04 4.902040270e-04 1.000226224e+00 3.877479417e-03
5.351220000e+00 8.026830000e-04 -9.992655940e-01 -1.972685951e-01 2.314433404e-03 5.397569624e-04 4.211712285e-04 1.000208685e+00 4.436068249e-04
5.390280000e+00 8.085420000e-04 -3.006392168e-01 -5.198397467e-01 2.468622695e-03 5.794871428e-04 4.681080361e-04 1.000214646e+00 3.978924155e-03
5.429340000e+00 8.144010000e-04 7.966565275e-01 -5.072818163e-01 2.543820447e-03 5.746167429e-04 4.536608324e-04 1.000217540e+00 1.938467078e-03
5.468400000e+00 8.202600000e-04 8.375280400e-01 -1.762498551e-01 2.266697198e-03 5.423577617e-04 4.279891888e-04 1.000206552e+00 1.561650850e-03
5.507460000e+00 8.261190000e-04 -2.322232638e-01 -3.867340964e-01 2.749224598e-03 6.130570645e-04 4.917660546e-04 1.000225425e+00 4.196160288e-03
5.546520000e+00 8.319780000e-04 -9.940297074e-01 -5.759464129e-01 2.373143804e-03 5.465345956e-04 4.260759284e-04 1.000210841e+00 5.044473518e-04
5.585580000e+00 8.378370000e-04 -4.376807933e-01 -9.139184503e-01 2.410135975e-03 5.702707940e-04 4.592556029e-04 1.000212242e+00 3.570027603e-03
5.624640000e+00 8.436960000e-04 6.990645398e-01 -8.754116826e-01 2.601084774e-03 5.843834375e-04 4.635136781e-04 1.000219620e+00 2.513877723e-03
5.663700000e+00 8.495550000e-04 9.087996824e-01 -5.633851675e-01 2.249389873e-03 5.364675314e-04 4.213319965e-04 1.000205592e+00 1.083337797e-03
5.702760000e+00 8.554140000e-04 -8.659934910e-02 -8.121286542e-01 2.711775318e-03 6.099107908e-04 4.902909112e-04 1.000223867e+00 4.361243708e-03
5.741820000e+00 8.612730000e-04 -9.671613740e-01 -9.565572229e-01 2.441014011e-03 5.553824886e-04 4.333177007e-04 1.000213353e+00 7.292679943e-04
5.780880000e+00 8.671320000e-04 -5.651973965e-01 -1.302614084e+00 2.352435824e-03 5.605577975e-04 4.495207827e-04 1.000209892e+00 3.061082114e-03
5.819940000e+00 8.729910000e-04 5.862592479e-01 -1.213876205e+00 2.643868423e-03 5.925905399e-04 4.721853901e-04 1.000221152e+00 3.080355041e-03
5.859000000e+00 8.788500000e-04 9.602936857e-01 -9.276095539e-01 2.248641140e-03 5.337230939e-04 4.174939139e-04 1.000205475e+00 7.194515899e-04
5.898060000e+00 8.847090000e-04 6.090917303e-02 -6.459913921e-01 2.657741747e-03 6.037939961e-04 4.858443523e-04 1.000221652e+00 4.358627035e-03
5.937120000e+00 8.905680000e-04 -9.192453127e-01 -7.425098154e-01 2.512568950e-03 5.656045439e-04 4.423050158e-04 1.000216022e+00 1.098780964e-03
5.976180000e+00 8.964270000e-04 -6.804139624e-01 -1.089160434e+00 2.302589777e-03 5.513193824e-04 4.398429306e-04 1.000207852e+00 2.495579456e-03
6.015240000e+00 9.022860000e-04 4.606955626e-01 -9.521123653e-01 2.668922808e-03 5.985683285e-04 4.789690042e-04 1.000222027e+00 3.588823540e-03
6.054300000e+00 9.081450000e-04 9.908894182e-01 -6.978023536e-01 2.265040157e-03 5.342795656e-04 4.167469251e-04 1.000206184e+00 5.013107675e-04
6.093360000e+00 9.140040000e-04 2.070921669e-01 -3.894057264e-01 2.591079694e-03 5.951849463e-04 4.787617169e-04 1.000218947e+00 4.188780373e-03
6.132420000e+00 9.198630000e-04 -8.513242907e-01 -4.359247095e-01 2.582921436e-03 5.763401227e-04 4.522514569e-04 1.000218610e+00 1.581413130e-03
6.171480000e+00 9.257220000e-04 -7.808231048e-01 -7.756651566e-01 2.269061631e-03 5.433691203e-04 4.310399625e-04 1.000206286e+00 1.922691754e-03
6.210540000e+00 9.315810000e-04 3.251060481e-01 -5.932735937e-01 2.674675933e-03 6.017800273e-04 4.832528606e-04 1.000222153e+00 3.995682972e-03
6.249600000e+00 9.374400000e-04 9.999210442e-01 -3.764252505e-01 2.300622382e-03 5.380095653e-04 4.190949281e-04 1.000207627e+00 4.478023533e-04
6.288660000e+00 9.432990000e-04 3.487683436e-01 -4.792602830e-02 2.517446503e-03 5.848460816e-04 4.696820166e-04 1.000216001e+00 3.866066542e-03
6.327720000e+00 9.491580000e-04 -7.648764307e-01 -5.241345222e-02 2.645518394e-03 5.867400586e-04 4.623527944e-04 1.000220920e+00 2.135479884e-03
6.366780000e+00 9.550170000e-04 -8.642396824e-01 -3.778894085e-01 2.251579387e-03 5.374810483e-04 4.239283844e-04 1.000205361e+00 1.391581354e-03
6.405840000e+00 9.608760000e-04 1.824414539e-01 -1.541025983e-01 2.660784492e-03 6.019380084e-04 4.846507640e-04 1.000221512e+00 4.266019658e-03
6.444900000e+00 9.667350000e-04 9.871920140e-01 2.058999094e-02 2.355980875e-03 5.445283386e-04 4.242897954e-04 1.000209655e+00 5.635278492e-04
6.483960000e+00 9.725940000e-04 4.828544929e-01 3.620808008e-01 2.443826855e-03 5.735554465e-04 4.592845509e-04 1.000213015e+00 3.418152664e-03
6.523020000e+00 9.784530000e-04 -6.617830434e-01 3.066841592e-01 2.694625759e-03 5.958889614e-04 4.716963682e-04 1.000222731e+00 2.713709111e-03
6.562080000e+00 9.843120000e-04 -9.288483525e-01 2.518237756e-03 2.248803675e-03 5.342156083e-04 4.191414821e-04 1.000205165e+00 9.481810456e-04
6.601140000e+00 9.901710000e-04 3.580650055e-02 2.628559870e-01 2.628623472e-03 5.990334383e-04 4.830378915e-04 1.000220155e+00 4.376568584e-03
6.640200000e+00 9.960300000e-04 9.529793415e-01 3.916112967e-01 2.421555150e-03 5.532092599e-04 4.318309549e-04 1.000212067e+00 8.385678414e-04
6.679260000e+00 1.001889000e-03 6.064325819e-01 7.387014303e-01 2.375423532e-03 5.622414005e-04 4.484252177e-04 1.000210227e+00 2.884058533e-03
6.718320000e+00 1.007748000e-03 -5.442876857e-01 6.335947715e-01 2.726945301e-03 6.029976365e-04 4.794612123e-04 1.000223879e+00 3.266149394e-03
6.757380000e+00 1.013607000e-03 -9.732430768e-01 3.573231422e-01 2.262833195e-03 5.338979363e-04 4.171075940e-04 1.000205722e+00 6.308488210e-04
6.796440000e+00 1.019466000e-03 -1.116076873e-01 6.606997724e-02 2.580704829e-03 5.933121084e-04 4.785357988e-04 1.000218191e+00 4.317983417e-03
6.835500000e+00 1.025325000e-03 8.980275758e-01 1.461008665e-01 2.490341590e-03 5.632782688e-04 4.410510546e-04 1.000214648e+00 1.249243798e-03
6.874560000e+00 1.031184000e-03 7.168132581e-01 4.912768944e-01 2.315496191e-03 5.518266844e-04 4.379999937e-04 1.000207857e+00 2.309420716e-03
6.913620000e+00 1.037043000e-03 -4.149473356e-01 3.387354928e-01 2.739967457e-03 6.075109640e-04 4.850246289e-04 1.000224288e+00 3.745111035e-03
6.952680000e+00 1.042902000e-03 -9.964577209e-01 9.633855308e-02 2.295190342e-03 5.366046100e-04 4.180247302e-04 1.000206996e+00 4.669115612e-04
6.991740000e+00 1.048761000e-03 -2.565930269e-01 -2.195252531e-01 2.522002509e-03 5.852863313e-04 4.715328180e-04 1.000215787e+00 4.095533726e-03
7.030800000e+00 1.054620000e-03 8.235325976e-01 -1.899511919e-01 2.557864651e-03 5.738097675e-04 4.511049529e-04 1.000217148e+00 1.760283899e-03
7.069860000e+00 1.060479000e-03 8.115943756e-01 1.458387041e-01 2.275222551e-03 5.431683403e-04 4.288729625e-04 1.000206092e+00 1.743964770e-03
7.108920000e+00 1.066338000e-03 -2.765767462e-01 -5.083536084e-02 2.732635347e-03 6.090207870e-04 4.878765839e-04 1.000223908e+00 4.109571319e-03
7.147980000e+00 1.072197000e-03 -9.979870790e-01 -2.541104856e-01 2.346393011e-03 5.421382748e-04 4.218242153e-04 1.000208882e+00 4.706031765e-04
7.187040000e+00 1.078056000e-03 -3.959942929e-01 -5.877474397e-01 2.458453932e-03 5.757449667e-04 4.627153919e-04 1.000213195e+00 3.727936004e-03
7.226100000e+00 1.083915000e-03 7.311155947e-01 -5.662245056e-01 2.617633323e-03 5.839019658e-04 4.611330102e-04 1.000219355e+00 2.327620445e-03
7.265160000e+00 1.089774000e-03 8.887132725e-01 -2.470895584e-01 2.253927828e-03 5.369404778e-04 4.217678862e-04 1.000205052e+00 1.236429328e-03
7.304220000e+00 1.095633000e-03 -1.321871900e-01 -4.836388681e-01 2.705673101e-03 6.073681392e-04 4.877359585e-04 1.000222752e+00 4.328224619e-03
7.343280000e+00 1.101492000e-03 -9.777978685e-01 -6.433919163e-01 2.410887198e-03 5.500625108e-04 4.281976629e-04 1.000211226e+00 6.417209225e-04
7.382340000e+00 1.107351000e-03 -5.267777828e-01 -9.875798054e-01 2.396034546e-03 5.654672466e-04 4.527850624e-04 1.000210608e+00 3.247160003e-03
7.421400000e+00 1.113210000e-03 6.227877805e-01 -9.154258194e-01 2.663981035e-03 5.926082477e-04 4.701948210e-04 1.000221040e+00 2.902728896e-03
7.460460000e+00 1.119069000e-03 9.464916584e-01 -6.198541150e-01 2.250349597e-03 5.336540914e-04 4.172787330e-04 1.000204819e+00 8.304066584e-04
7.499520000e+00 1.124928000e-03 1.507907324e-02 -3.485501557e-01 2.661267902e-03 6.026601993e-04 4.845754252e-04 1.000220901e+00 4.382289218e-03
7.538580000e+00 1.130787000e-03 -9.363294547e-01 -4.613230048e-01 2.479979183e-03 5.597035183e-04 4.365856836e-04 1.000213821e+00 9.655862062e-04
7.577640000e+00 1.136646000e-03 -6.460973374e-01 -8.086111988e-01 2.336470528e-03 5.553998598e-04 4.426369977e-04 1.000208267e+00 2.694645650e-03
7.616700000e+00 1.142505000e-03 5.009066254e-01 -6.873880833e-01 2.693209703e-03 5.992229694e-04 4.775538522e-04 1.000222081e+00 3.435717065e-03
7.655760000e+00 1.148364000e-03 9.836721383e-01 -4.217778328e-01 2.265749546e-03 5.335472128e-04 4.157521177e-04 1.000205392e+00 5.610066807e-04
7.694820000e+00 1.154223000e-03 1.620171801e-01 -1.215921578e-01 2.602416504e-03 5.952620130e-04 4.786208880e-04 1.000218489e+00 4.267355944e-03
7.733880000e+00 1.160082000e-03 -8.744842887e-01 -1.849436366e-01 2.550293877e-03 5.702621634e-04 4.462781889e-04 1.000216449e+00 1.414446164e-03
7.772940000e+00 1.165941000e-03 -7.513562798e-01 -5.278144145e-01 2.290993076e-03 5.464080549e-04 4.331287398e-04 1.000206366e+00 2.118079153e-03
7.812000000e+00 1.171800000e-03 3.681245527e-01 -3.601463067e-01 2.703276211e-03 6.031739181e-04 4.825667431e-04 1.000222384e+00 3.880751958e-03
7.851060000e+00 1.177659000e-03 9.994455769e-01 -1.302471550e-01 2.300097755e-03 5.365896562e-04 4.172856898e-04 1.000206705e+00 4.514785790e-04
7.890120000e+00 1.183518000e-03 3.054294084e-01 1.923221121e-01 2.534700222e-03 5.858479469e-04 4.704214104e-04 1.000215742e+00 3.993282900e-03
7.929180000e+00 1.189377000e-03 -7.936082681e-01 1.797633448e-01 2.615892122e-03 5.808340015e-04 4.564324790e-04 1.000218879e+00 1.949596680e-03
7.968240000e+00 1.195236000e-03 -8.402639255e-01 -1.512679197e-01 2.262349579e-03 5.393177088e-04 4.251114789e-04 1.000205086e+00 1.567014118e-03
8.007300000e+00 1.201095000e-03 2.273312156e-01 5.921565308e-02 2.693535193e-03 6.040989705e-04 4.847735659e-04 1.000221906e+00 4.199694431e-03
8.046360000e+00 1.206954000e-03 9.934687065e-01 2.484271136e-01 2.353298934e-03 5.424883412e-04 4.217200246e-04 1.000208630e+00 5.112293508e-04
8.085420000e+00 1.212813000e-03 4.421947675e-01 5.863973170e-01 2.464349789e-03 5.752026390e-04 4.606592454e-04 1.000212887e+00 3.583236616e-03
8.124480000e+00 1.218672000e-03 -6.954614472e-01 5.478915530e-01 2.670491686e-03 5.905339209e-04 4.661838909e-04 1.000220908e+00 2.525180874e-03
8.163540000e+00 1.224531000e-03 -9.108854330e-01 2.358656146e-01 2.250884812e-03 5.347385798e-04 4.192575334e-04 1.000204526e+00 1.089196833e-03
8.202600000e+00 1.230390000e-03 8.159061157e-02 4.846083214e-01 2.664919190e-03 6.019126035e-04 4.839720359e-04 1.000220684e+00 4.365094827e-03
8.241660000e+00 1.236249000e-03 9.658715982e-01 6.290362624e-01 2.418261707e-03 5.507055386e-04 4.286443240e-04 1.000210987e+00 7.352025046e-04
8.280720000e+00 1.242108000e-03 5.693369185e-01 9.750913623e-01 2.397469144e-03 5.641569802e-04 4.500852578e-04 1.000210122e+00 3.073153293e-03
8.319780000e+00 1.247967000e-03 -5.821797339e-01 8.863546278e-01 2.709416020e-03 5.984733071e-04 4.746288022e-04 1.000222326e+00 3.091730006e-03
8.358840000e+00 1.253826000e-03 -9.616839106e-01 6.000884110e-01 2.258340467e-03 5.330926885e-04 4.160840622e-04 1.000204741e+00 7.257161037e-04
8.397900000e+00 1.259685000e-03 -6.592559795e-02 3.184711019e-01 2.619719894e-03 5.967905720e-04 4.802108570e-04 1.000218811e+00 4.362791998e-03
8.436960000e+00 1.265544000e-03 9.172548304e-01 4.149891208e-01 2.486653563e-03 5.605237877e-04 4.374544971e-04 1.000213570e+00 1.104094371e-03
8.476020000e+00 1.271403000e-03 6.840889463e-01 7.616380856e-01 2.335186711e-03 5.537008132e-04 4.396511543e-04 1.000207708e+00 2.506494938e-03
8.515080000e+00 1.277262000e-03 -4.562284072e-01 6.245912874e-01 2.730122326e-03 6.040261295e-04 4.810901499e-04 1.000223039e+00 3.600156228e-03
8.554140000e+00 1.283121000e-03 -9.915538628e-01 3.702815560e-01 2.284950611e-03 5.345389861e-04 4.158652543e-04 1.000205714e+00 5.079121773e-04
8.593200000e+00 1.288980000e-03 -2.120071099e-01 6.188583363e-02 2.561994070e-03 5.891583777e-04 4.737851048e-04 1.000216434e+00 4.193275269e-03
8.632260000e+00 1.294839000e-03 8.486764196e-01 1.084046230e-01 2.555052090e-03 5.710470713e-04 4.473394729e-04 1.000216128e+00 1.586314278e-03
8.671320000e+00 1.300698000e-03 7.839535743e-01 4.481435356e-01 2.289517969e-03 5.446655521e-04 4.301839934e-04 1.000205815e+00 1.932507154e-03
8.710380000e+00 1.306557000e-03 -3.203484671e-01 2.657533319e-01 2.730998755e-03 6.067148224e-04 4.850026299e-04 1.000222981e+00 4.006841274e-03
8.749440000e+00 1.312416000e-03 -9.998452486e-01 4.890509656e-02 2.329185257e-03 5.389671876e-04 4.186194500e-04 1.000207358e+00 4.546889323e-04
8.788500000e+00 1.318275000e-03 -3.534748438e-01 -2.795932103e-01 2.497333707e-03 5.797442934e-04 4.653088956e-04 1.000213788e+00 3.870874949e-03
8.827560000e+00 1.324134000e-03 7.616287947e-01 -2.751057934e-01 2.617544685e-03 5.814001948e-04 4.574779566e-04 1.000218458e+00 2.140135228e-03
8.866620000e+00 1.329993000e-03 8.667575111e-01 5.036877849e-02 2.261365451e-03 5.378217897e-04 4.224937876e-04 1.000204605e+00 1.400361651e-03
8.905680000e+00 1.335852000e-03 -1.774969837e-01 -1.734166031e-01 2.712066512e-03 6.062811920e-04 4.859951614e-04 1.000222138e+00 4.276894651e-03
8.944740000e+00 1.341711000e-03 -9.863776277e-01 -3.481092629e-01 2.391173769e-03 5.460060923e-04 4.241077814e-04 1.000209533e+00 5.706496041e-04
8.983800000e+00 1.347570000e-03 -4.872501257e-01 -6.895991692e-01 2.431971683e-03 5.693518509e-04 4.554979207e-04 1.000211096e+00 3.423191131e-03
9.022860000e+00 1.353429000e-03 6.580063188e-01 -6.342027213e-01 2.667847861e-03 5.906213364e-04 4.669218129e-04 1.000220320e+00 2.718281537e-03
9.061920000e+00 1.359288000e-03 9.306987463e-01 -3.300380271e-01 2.252457253e-03 5.337420577e-04 4.172240485e-04 1.000204171e+00 9.560091874e-04
9.100980000e+00 1.365147000e-03 -3.078274443e-02 -5.903743058e-01 2.674826779e-03 6.027367241e-04 4.839514807e-04 1.000220567e+00 4.387074601e-03
9.140040000e+00 1.371006000e-03 -9.514440875e-01 -7.191298645e-01 2.457783355e-03 5.550463955e-04 4.318409545e-04 1.000212041e+00 8.458886086e-04
9.179100000e+00 1.376865000e-03 -6.104216880e-01 -1.066219135e+00 2.369263937e-03 5.588497471e-04 4.451552407e-04 1.000208565e+00 2.889302830e-03
9.218160000e+00 1.382724000e-03 5.400640630e-01 -9.611128305e-01 2.702084923e-03 5.979333395e-04 4.748730832e-04 1.000221561e+00 3.270724756e-03
9.257220000e+00 1.388583000e-03 9.743857670e-01 -6.848422547e-01 2.263972818e-03 5.327433552e-04 4.147934808e-04 1.000204533e+00 6.378437345e-04
9.296280000e+00 1.394442000e-03 1.166014004e-01 -3.935905852e-01 2.622256326e-03 5.963510679e-04 4.790050265e-04 1.000218382e+00 4.328073598e-03
9.335340000e+00 1.400301000e-03 -8.958048648e-01 -4.736218859e-01 2.527945848e-03 5.653420467e-04 4.411746293e-04 1.000214678e+00 1.256724911e-03
9.374400000e+00 1.406160000e-03 -7.203090249e-01 -8.187971131e-01 2.314079418e-03 5.491839904e-04 4.352057320e-04 1.000206433e+00 2.314794762e-03
9.413460000e+00 1.412019000e-03 4.103687309e-01 -6.662562035e-01 2.717667532e-03 6.027324825e-04 4.806669958e-04 1.000222085e+00 3.749751409e-03
9.452520000e+00 1.417878000e-03 9.968678396e-01 -4.238601343e-01 2.295658602e-03 5.348975568e-04 4.153971526e-04 1.000205653e+00 4.731963078e-04
9.491580000e+00 1.423737000e-03 2.614480219e-01 -1.079978197e-01 2.558667618e-03 5.876901111e-04 4.715920561e-04 1.000215775e+00 4.105127812e-03
9.530640000e+00 1.429596000e-03 -8.206708012e-01 -1.375724519e-01 2.595252715e-03 5.759674030e-04 4.512558077e-04 1.000217191e+00 1.767900794e-03
9.569700000e+00 1.435455000e-03 -8.145207271e-01 -4.733616346e-01 2.276792810e-03 5.411801191e-04 4.264850366e-04 1.000204872e+00 1.749439156e-03
9.608760000e+00 1.441314000e-03 2.717428007e-01 -2.766881842e-01 2.713509345e-03 6.045795216e-04 4.837710900e-04 1.000221831e+00 4.114331998e-03
9.647820000e+00 1.447173000e-03 9.976557011e-01 -7.341374742e-02 2.344645814e-03 5.399996426e-04 4.189609534e-04 1.000207424e+00 4.763035327e-04
9.686880000e+00 1.453032000e-03 4.006049137e-01 2.602217395e-01 2.490222874e-03 5.775350177e-04 4.623856057e-04 1.000212991e+00 3.736953082e-03
9.725940000e+00 1.458891000e-03 -7.276769923e-01 2.386995217e-01 2.653714301e-03 5.860646893e-04 4.612640209e-04 1.000219388e+00 2.335324361e-03
9.765000000e+00 1.464750000e-03 -8.910065242e-01 -8.043481753e-02 2.256430618e-03 5.355263373e-04 4.197346510e-04 1.000204010e+00 1.241957702e-03
9.804060000e+00 1.470609000e-03 1.272031020e-01 1.561137795e-01 2.690016627e-03 6.033018851e-04 4.838993600e-04 1.000220809e+00 4.333121969e-03
9.843120000e+00 1.476468000e-03 9.767322057e-01 3.158663207e-01 2.408459360e-03 5.475985612e-04 4.251638175e-04 1.000209684e+00 6.469709498e-04
9.882180000e+00 1.482327000e-03 5.310436913e-01 6.600527967e-01 2.423167754e-03 5.666598794e-04 4.520738288e-04 1.000210215e+00 3.255593483e-03
9.921240000e+00 1.488186000e-03 -6.188472042e-01 5.878996575e-01 2.698311321e-03 5.946919118e-04 4.702552892e-04 1.000221037e+00 2.910490502e-03
9.960300000e+00 1.494045000e-03 -9.481019037e-01 2.923284393e-01 2.256403276e-03 5.327272797e-04 4.155424228e-04 1.000203926e+00 8.359619100e-04
9.999360000e+00 1.499904000e-03 -2.010483833e-02 2.102525918e-02 2.649237247e-03 5.989968623e-04 4.810224035e-04 1.000219099e+00 4.387297169e-03
1.003842000e+01 1.505763000e-03 9.345526982e-01 1.337977831e-01 2.475494696e-03 5.570197797e-04 4.334498665e-04 1.000212230e+00 9.705092523e-04
1.007748000e+01 1.511622000e-03 6.499256973e-01 4.810846361e-01 2.359693744e-03 5.560545931e-04 4.415932233e-04 1.000207711e+00 2.702454771e-03
1.011654000e+01 1.517481000e-03 -4.965498315e-01 3.598624863e-01 2.725641599e-03 6.011370895e-04 4.774805146e-04 1.000222011e+00 3.443511060e-03
1.015560000e+01 1.523340000e-03 -9.845643345e-01 9.425259501e-02 2.277583253e-03 5.330223355e-04 4.142564310e-04 1.000204619e+00 5.665831868e-04
1.019466000e+01 1.529199000e-03 -1.669752496e-01 -2.059322600e-01 2.594548240e-03 5.920082389e-04 4.753518875e-04 1.000216829e+00 4.272446132e-03
1.023372000e+01 1.535058000e-03 8.720351050e-01 -1.425809281e-01 2.544688576e-03 5.674339146e-04 4.430821367e-04 1.000214828e+00 1.419161651e-03
1.027278000e+01 1.540917000e-03 7.546637768e-01 2.002885996e-01 2.307017915e-03 5.465645624e-04 4.317762766e-04 1.000205658e+00 2.125287445e-03
1.031184000e+01 1.546776000e-03 -3.634463555e-01 3.262154485e-02 2.733666147e-03 6.048724874e-04 4.823379072e-04 1.000222236e+00 3.888507501e-03
1.035090000e+01 1.552635000e-03 -9.996003077e-01 -1.972773973e-01 2.316759884e-03 5.363888896e-04 4.159819943e-04 1.000206028e+00 4.570693608e-04
1.038996000e+01 1.558494000e-03 -3.102118829e-01 -5.198458258e-01 2.530841186e-03 5.829684452e-04 4.673964112e-04 1.000214204e+00 3.998460551e-03
1.042902000e+01 1.564353000e-03 7.905399572e-01 -5.072870425e-01 2.609412141e-03 5.779502817e-04 4.532359410e-04 1.000217259e+00 1.954192668e-03
1.046808000e+01 1.570212000e-03 8.429785807e-01 -1.762569144e-01 2.272183007e-03 5.390325394e-04 4.234906493e-04 1.000204246e+00 1.573627899e-03
1.050714000e+01 1.576071000e-03 -2.224334237e-01 -3.867393664e-01 2.721766982e-03 6.055501741e-04 4.843747814e-04 1.000221674e+00 4.207344672e-03
1.054620000e+01 1.581930000e-03 -9.928826046e-01 -5.759507689e-01 2.374749619e-03 5.425342352e-04 4.205581119e-04 1.000208024e+00 5.168387275e-04
1.058526000e+01 1.587789000e-03 -4.466975691e-01 -9.139201449e-01 2.464017905e-03 5.726979117e-04 4.578793200e-04 1.000211472e+00 3.588440253e-03
1.062432000e+01 1.593648000e-03 6.918407829e-01 -8.754145488e-01 2.663469618e-03 5.876358473e-04 4.630021496e-04 1.000219295e+00 2.529752177e-03
1.066338000e+01 1.599507000e-03 9.129481690e-01 -5.633896203e-01 2.256265846e-03 5.340711498e-04 4.174091233e-04 1.000203575e+00 1.095257126e-03
1.070244000e+01 1.605366000e-03 -7.657981255e-02 -8.121311634e-01 2.691006567e-03 6.030884575e-04 4.833873706e-04 1.000220359e+00 4.372583215e-03
1.074150000e+01 1.611225000e-03 -9.645574185e-01 -9.565592014e-01 2.440072550e-03 5.509347431e-04 4.275861976e-04 1.000210433e+00 7.408413800e-04
1.078056000e+01 1.617084000e-03 -5.734620556e-01 -1.302613504e+00 2.399881633e-03 5.620036130e-04 4.475326926e-04 1.000208821e+00 3.078342755e-03
1.081962000e+01 1.622943000e-03 5.780855105e-01 -1.213877079e+00 2.702840327e-03 5.956271970e-04 4.715073628e-04 1.000220743e+00 3.096331153e-03
1.085868000e+01 1.628802000e-03 9.630498374e-01 -9.276117414e-01 2.261670908e-03 5.320951993e-04 4.140413481e-04 1.000203695e+00 7.312856912e-04
1.089774000e+01 1.634661000e-03 7.094035719e-02 -6.459956252e-01 2.644075228e-03 5.976690428e-04 4.794243433e-04 1.000218386e+00 4.370090097e-03
1.093680000e+01 1.640520000e-03 -9.152411726e-01 -7.425138878e-01 2.508952198e-03 5.608716216e-04 4.364592529e-04 1.000213047e+00 1.109770703e-03
1.097586000e+01 1.646379000e-03 -6.877466460e-01 -1.089162106e+00 2.339462404e-03 5.518716100e-04 4.373049403e-04 1.000206511e+00 2.511633093e-03
1.101492000e+01 1.652238000e-03 4.517497246e-01 -9.521157342e-01 2.724398350e-03 6.012852248e-04 4.780644490e-04 1.000221504e+00 3.604798220e-03
1.105398000e+01 1.658097000e-03 9.921932547e-01 -6.978067301e-01 2.289467380e-03 5.332682645e-04 4.136665554e-04 1.000204591e+00 5.130530062e-04
1.109304000e+01 1.663956000e-03 2.169166963e-01 -3.894122072e-01 2.584572269e-03 5.897471812e-04 4.728074683e-04 1.000215914e+00 4.200333252e-03
1.113210000e+01 1.669815000e-03 -8.460071057e-01 -4.359313844e-01 2.577363671e-03 5.714605756e-04 4.463745466e-04 1.000215621e+00 1.592036219e-03
1.117116000e+01 1.675674000e-03 -7.870642364e-01 -7.756696193e-01 2.294206258e-03 5.431252637e-04 4.280185607e-04 1.000204709e+00 1.937573347e-03
1.121022000e+01 1.681533000e-03 3.155827921e-01 -5.932799489e-01 2.726404905e-03 6.041019936e-04 4.820794645e-04 1.000221496e+00 4.011554181e-03
1.124928000e+01 1.687392000e-03 9.997441908e-01 -3.764322941e-01 2.334014300e-03 5.374736426e-04 4.162967568e-04 1.000206175e+00 4.594758740e-04
1.128834000e+01 1.693251000e-03 3.581724131e-01 -4.793518149e-02 2.517887855e-03 5.800666846e-04 4.641659565e-04 1.000213187e+00 3.877620375e-03
1.132740000e+01 1.699110000e-03 -7.583619153e-01 -5.242208543e-02 2.639146734e-03 5.818301262e-04 4.565134061e-04 1.000217951e+00 2.145902216e-03
1.136646000e+01 1.704969000e-03 -8.692534402e-01 -3.778960615e-01 2.265059051e-03 5.365433446e-04 4.204926111e-04 1.000203581e+00 1.405328591e-03
1.140552000e+01 1.710828000e-03 1.725480287e-01 -1.541112964e-01 2.708761668e-03 6.038145437e-04 4.831813144e-04 1.000220708e+00 4.281683281e-03
1.144458000e+01 1.716687000e-03 9.855383194e-01 2.058092705e-02 2.395496066e-03 5.443391612e-04 4.216930259e-04 1.000208305e+00 5.751660402e-04
1.148364000e+01 1.722546000e-03 4.916334476e-01 3.620696793e-01 2.450447441e-03 5.693924527e-04 4.541727020e-04 1.000210405e+00 3.429600301e-03
1.152270000e+01 1.728405000e-03 -6.542129689e-01 3.066738650e-01 2.688326299e-03 5.910421179e-04 4.659476294e-04 1.000219807e+00 2.724085772e-03
1.156176000e+01 1.734264000e-03 -9.325256251e-01 2.509665019e-03 2.257430140e-03 5.326870186e-04 4.153596611e-04 1.000203217e+00 9.608772327e-04
1.160082000e+01 1.740123000e-03 2.575821054e-02 2.628452615e-01 2.673081074e-03 6.004359556e-04 4.812587893e-04 1.000219198e+00 4.391913551e-03
1.163988000e+01 1.745982000e-03 9.498847941e-01 3.916005307e-01 2.461516879e-03 5.532522501e-04 4.293643952e-04 1.000210783e+00 8.502110330e-04
1.167894000e+01 1.751841000e-03 6.143953710e-01 7.386886977e-01 2.386047782e-03 5.586418607e-04 4.436773117e-04 1.000207800e+00 2.895344520e-03
1.171800000e+01 1.757700000e-03 -5.358267950e-01 6.335831318e-01 2.721690692e-03 5.982871649e-04 4.738435336e-04 1.000221020e+00 3.276577049e-03
