0.000000000e+00 0.000000000e+00 0.000000000e+00 0.000000000e+00 0.000000000e+00 -3.191891196e-17 1.301042607e-19 1.000000000e+00 -1.602450811e-17
3.906000000e-02 1.953000000e-05 9.415176030e-01 1.346768618e-01 1.444627428e-03 2.219575658e-04 1.962231576e-04 1.000096064e+00 4.265342041e-04
7.812000000e-02 3.906000000e-05 6.345147005e-01 4.800676674e-01 2.968019161e-03 4.784919784e-04 3.954504729e-04 1.000186481e+00 2.314082537e-03
1.171800000e-01 5.859000000e-05 -5.139006324e-01 3.605778914e-01 3.664330613e-03 6.243451168e-04 4.972302180e-04 1.000244417e+00 9.122066161e-04
1.562400000e-01 7.812000000e-05 -9.808465214e-01 9.542746734e-02 2.593170358e-03 5.220773077e-04 4.303665789e-04 1.000210587e+00 9.749639202e-04
1.953000000e-01 9.765000000e-05 -1.471189118e-01 -2.028700375e-01 2.197723567e-03 5.070564366e-04 4.194153340e-04 1.000200054e+00 1.995079560e-03
2.343600000e-01 1.171800000e-04 8.816990260e-01 -1.387596628e-01 2.221671621e-03 5.163489727e-04 4.103914405e-04 1.000203633e+00 3.688009526e-04
2.734200000e-01 1.367100000e-04 7.413202222e-01 2.027114747e-01 2.708682852e-03 5.923863757e-04 4.708856800e-04 1.000225810e+00 2.007997177e-03
3.124800000e-01 1.562400000e-04 -3.821028662e-01 3.675881389e-02 3.413268466e-03 6.738896545e-04 5.260823848e-04 1.000257351e+00 1.224198073e-03
3.515400000e-01 1.757700000e-04 -9.988298906e-01 -1.929066085e-01 2.571950673e-03 5.640883722e-04 4.509540304e-04 1.000221720e+00 8.160725599e-04
3.906000000e-01 1.953000000e-04 -2.910361668e-01 -5.136117496e-01 2.263616313e-03 5.398658614e-04 4.382226317e-04 1.000208594e+00 2.176782065e-03
4.296600000e-01 2.148300000e-04 8.026925845e-01 -5.000390704e-01 2.282660219e-03 5.383914823e-04 4.235405386e-04 1.000209810e+00 4.536413621e-04
4.687200000e-01 2.343600000e-04 8.319928556e-01 -1.701965255e-01 2.430102398e-03 5.665051932e-04 4.498577231e-04 1.000216307e+00 1.801193278e-03
5.077800000e-01 2.538900000e-04 -2.419896344e-01 -3.788580064e-01 3.171410461e-03 6.500584007e-04 5.080221268e-04 1.000246927e+00 1.503074455e-03
5.468400000e-01 2.734200000e-04 -9.950763496e-01 -5.681150513e-01 2.546866243e-03 5.655773119e-04 4.477374644e-04 1.000221069e+00 6.250218474e-04
5.859000000e-01 2.929500000e-04 -4.286197838e-01 -9.043001123e-01 2.278276938e-03 5.453819578e-04 4.408189210e-04 1.000209595e+00 2.238337116e-03
6.249600000e-01 3.124800000e-04 7.062176465e-01 -8.670364923e-01 2.370635036e-03 5.519250580e-04 4.332852354e-04 1.000214004e+00 5.928239911e-04
6.640200000e-01 3.320100000e-04 9.045593489e-01 -5.559644652e-01 2.294444137e-03 5.480818789e-04 4.355203355e-04 1.000210393e+00 1.545573891e-03
7.030800000e-01 3.515400000e-04 -9.661013359e-02 -8.028166855e-01 2.984017866e-03 6.299045111e-04 4.942557240e-04 1.000238754e+00 1.760689421e-03
7.421400000e-01 3.710700000e-04 -9.696675845e-01 -9.475694011e-01 2.556528553e-03 5.680713942e-04 4.469378500e-04 1.000221364e+00 4.860722068e-04
7.812000000e-01 3.906000000e-04 -5.568756165e-01 -1.291957690e+00 2.277856339e-03 5.461080940e-04 4.403683583e-04 1.000209492e+00 2.214177486e-03
8.202600000e-01 4.101300000e-04 5.943737356e-01 -1.204664042e+00 2.470531499e-03 5.646535696e-04 4.430643748e-04 1.000217910e+00 7.930455791e-04
8.593200000e-01 4.296600000e-04 9.574404829e-01 -9.190967147e-01 2.249354002e-03 5.385401297e-04 4.274878468e-04 1.000207722e+00 1.272846711e-03
8.983800000e-01 4.491900000e-04 5.087183316e-02 -6.393979087e-01 2.830879296e-03 6.134129105e-04 4.834289756e-04 1.000232232e+00 1.981889489e-03
9.374400000e-01 4.687200000e-04 -9.231565504e-01 -7.365134118e-01 2.586785853e-03 5.723903848e-04 4.483365717e-04 1.000222411e+00 4.172920674e-04
9.765000000e-01 4.882500000e-04 -6.730125135e-01 -1.081650283e+00 2.267479004e-03 5.442599138e-04 4.379598058e-04 1.000208802e+00 2.110560278e-03
1.015560000e+00 5.077800000e-04 4.695948410e-01 -9.462160745e-01 2.551793289e-03 5.751250088e-04 4.515287833e-04 1.000220932e+00 1.038749640e-03
1.054620000e+00 5.273100000e-04 9.894854386e-01 -6.923354179e-01 2.245833324e-03 5.354123260e-04 4.239232749e-04 1.000207257e+00 1.006853109e-03
1.093680000e+00 5.468400000e-04 1.972467080e-01 -3.858449802e-01 2.699884251e-03 5.989460320e-04 4.739915324e-04 1.000226677e+00 2.148465143e-03
1.132740000e+00 5.663700000e-04 -8.565554377e-01 -4.332213915e-01 2.626707906e-03 5.778676877e-04 4.512817763e-04 1.000223846e+00 4.261891336e-04
1.171800000e+00 5.859000000e-04 -7.745030602e-01 -7.716360141e-01 2.255386498e-03 5.411497166e-04 4.344120608e-04 1.000207883e+00 1.937923751e-03
1.210860000e+00 6.054300000e-04 3.345964475e-01 -5.909928756e-01 2.603088251e-03 5.823924301e-04 4.578911108e-04 1.000222777e+00 1.309166038e-03
1.249920000e+00 6.249600000e-04 9.999968417e-01 -3.742947619e-01 2.261291665e-03 5.369025475e-04 4.236435681e-04 1.000208292e+00 7.702152522e-04
1.288980000e+00 6.444900000e-04 3.393290262e-01 -4.764749622e-02 2.583132313e-03 5.857377851e-04 4.652243147e-04 1.000221799e+00 2.246086489e-03
1.328040000e+00 6.640200000e-04 -7.713136448e-01 -5.103535986e-02 2.668423383e-03 5.837462427e-04 4.551353081e-04 1.000225349e+00 5.128001506e-04
1.367100000e+00 6.835500000e-04 -8.591385813e-01 -3.754022541e-01 2.246570538e-03 5.381079605e-04 4.307016759e-04 1.000207148e+00 1.711910430e-03
1.406160000e+00 7.030800000e-04 1.923164408e-01 -1.534604641e-01 2.623140803e-03 5.861311379e-04 4.618160443e-04 1.000223393e+00 1.581269707e-03
1.445220000e+00 7.226100000e-04 9.887459391e-01 2.136423406e-02 2.303097740e-03 5.417385138e-04 4.258678022e-04 1.000210337e+00 5.830190068e-04
1.484280000e+00 7.421400000e-04 4.740267390e-01 3.610971897e-01 2.476960926e-03 5.734888177e-04 4.567808723e-04 1.000217468e+00 2.266133056e-03
1.523340000e+00 7.616700000e-04 -6.692862356e-01 3.070185269e-01 2.704865733e-03 5.892596327e-04 4.592715584e-04 1.000226642e+00 6.702066849e-04
1.562400000e+00 7.812000000e-04 -9.250772068e-01 3.720669328e-03 2.245695662e-03 5.361003553e-04 4.275697671e-04 1.000206867e+00 1.452649994e-03
1.601460000e+00 8.007300000e-04 4.585117181e-02 2.621568236e-01 2.614847392e-03 5.864231811e-04 4.632503620e-04 1.000222868e+00 1.831839063e-03
1.640520000e+00 8.202600000e-04 9.559775771e-01 3.913236440e-01 2.366803929e-03 5.489078641e-04 4.300021969e-04 1.000213014e+00 4.611804108e-04
1.679580000e+00 8.397900000e-04 5.984085044e-01 7.367880334e-01 2.387388158e-03 5.622920068e-04 4.486706874e-04 1.000213698e+00 2.207017622e-03
1.718640000e+00 8.593200000e-04 -5.526935687e-01 6.331895071e-01 2.730281419e-03 5.937200132e-04 4.631043388e-04 1.000227497e+00 8.851031900e-04
1.757700000e+00 8.788500000e-04 -9.708839558e-01 3.575260594e-01 2.251138076e-03 5.357929846e-04 4.255717389e-04 1.000207207e+00 1.182936519e-03
1.796760000e+00 8.983800000e-04 -1.016119276e-01 6.818987204e-02 2.582463074e-03 5.836149943e-04 4.623212520e-04 1.000221371e+00 2.039517679e-03
1.835820000e+00 9.179100000e-04 9.024048731e-01 1.489027469e-01 2.443461729e-03 5.574391390e-04 4.354402590e-04 1.000215968e+00 4.151612234e-04
1.874880000e+00 9.374400000e-04 7.097674799e-01 4.926202369e-01 2.320059827e-03 5.525123778e-04 4.411472425e-04 1.000210591e+00 2.073564795e-03
1.913940000e+00 9.569700000e-04 -4.240729774e-01 3.417446393e-01 2.741009287e-03 5.965474484e-04 4.661158486e-04 1.000227745e+00 1.139133433e-03
1.953000000e+00 9.765000000e-04 -9.955619646e-01 9.968278026e-02 2.270936634e-03 5.375899460e-04 4.251129834e-04 1.000208252e+00 9.262840199e-04
1.992060000e+00 9.960300000e-04 -2.468637102e-01 -2.142902427e-01 2.530844866e-03 5.782337924e-04 4.592933212e-04 1.000219123e+00 2.186683786e-03
2.031120000e+00 1.015560000e-03 8.291936963e-01 -1.837784316e-01 2.523016945e-03 5.664804400e-04 4.416384983e-04 1.000218908e+00 4.488760376e-04
2.070180000e+00 1.035090000e-03 8.056802297e-01 1.507516437e-01 2.274244756e-03 5.445541242e-04 4.345358972e-04 1.000208253e+00 1.877360672e-03
2.109240000e+00 1.054620000e-03 -2.862235511e-01 -4.413492005e-02 2.734361841e-03 5.972944132e-04 4.678618816e-04 1.000227273e+00 1.410609091e-03
2.148300000e+00 1.074150000e-03 -9.985741811e-01 -2.473554002e-01 2.309041774e-03 5.415310240e-04 4.263324346e-04 1.000209963e+00 7.050489338e-04
2.187360000e+00 1.093680000e-03 -3.867431523e-01 -5.791687501e-01 2.467692892e-03 5.710845615e-04 4.546802432e-04 1.000216444e+00 2.260751464e-03
2.226420000e+00 1.113210000e-03 7.379372959e-01 -5.588189929e-01 2.594991606e-03 5.751608625e-04 4.479925980e-04 1.000221543e+00 5.594647178e-04
2.265480000e+00 1.132740000e-03 8.840594646e-01 -2.407178628e-01 2.251794229e-03 5.387829301e-04 4.291545615e-04 1.000206759e+00 1.635249782e-03
2.304540000e+00 1.152270000e-03 -1.421452208e-01 -4.753965798e-01 2.709495049e-03 5.957334417e-04 4.680447320e-04 1.000226046e+00 1.676255874e-03
2.343600000e+00 1.171800000e-03 -9.798550524e-01 -6.353767127e-01 2.364679210e-03 5.473749393e-04 4.291562325e-04 1.000212207e+00 5.385026718e-04
2.382660000e+00 1.191330000e-03 -5.182061451e-01 -9.778476754e-01 2.401447472e-03 5.629268845e-04 4.489473209e-04 1.000213598e+00 2.255467841e-03
2.421720000e+00 1.210860000e-03 6.306216276e-01 -9.070768673e-01 2.652237650e-03 5.827287083e-04 4.539477531e-04 1.000223644e+00 7.374784909e-04
2.460780000e+00 1.230390000e-03 9.431994664e-01 -6.122905918e-01 2.245596961e-03 5.355470409e-04 4.253637345e-04 1.000206187e+00 1.368014166e-03
2.499840000e+00 1.249920000e-03 5.026527079e-03 -3.428998723e-01 2.667327974e-03 5.918595858e-04 4.665228710e-04 1.000224107e+00 1.913249704e-03
2.538900000e+00 1.269450000e-03 -9.398119511e-01 -4.561767002e-01 2.432319009e-03 5.547221957e-04 4.333990067e-04 1.000214818e+00 4.410968681e-04
2.577960000e+00 1.288980000e-03 -6.383917417e-01 -8.018918229e-01 2.341745937e-03 5.545933459e-04 4.426708044e-04 1.000210870e+00 2.171484881e-03
2.617020000e+00 1.308510000e-03 5.095821354e-01 -6.822320379e-01 2.691097470e-03 5.885723480e-04 4.590162558e-04 1.000225042e+00 9.675553224e-04
2.656080000e+00 1.328040000e-03 9.818132083e-01 -4.171419292e-01 2.252509268e-03 5.349689949e-04 4.233647864e-04 1.000206523e+00 1.098744103e-03
2.695140000e+00 1.347570000e-03 1.520888858e-01 -1.188707336e-01 2.609919796e-03 5.858640001e-04 4.632995557e-04 1.000221558e+00 2.101285136e-03
2.734200000e+00 1.367100000e-03 -8.793163102e-01 -1.829922028e-01 2.506336619e-03 5.629254798e-04 4.386565406e-04 1.000217551e+00 4.213507958e-04
2.773260000e+00 1.386630000e-03 -7.446844182e-01 -5.244679254e-01 2.292840582e-03 5.468949888e-04 4.364357724e-04 1.000208517e+00 2.016088132e-03
2.812320000e+00 1.406160000e-03 3.774529259e-01 -3.585094922e-01 2.709611454e-03 5.921818021e-04 4.627465143e-04 1.000225609e+00 1.229944114e-03
2.851380000e+00 1.425690000e-03 9.990603635e-01 -1.288539184e-01 2.276112751e-03 5.369920093e-04 4.232367577e-04 1.000207692e+00 8.506495886e-04
2.890440000e+00 1.445220000e-03 2.958414292e-01 1.918410597e-01 2.540406118e-03 5.782146929e-04 4.586180315e-04 1.000218601e+00 2.224279248e-03
2.929500000e+00 1.464750000e-03 -7.996846585e-01 1.782627809e-01 2.577592962e-03 5.713142688e-04 4.444855993e-04 1.000220177e+00 4.810346604e-04
2.968560000e+00 1.484280000e-03 -8.347709935e-01 -1.515815617e-01 2.262360367e-03 5.405804334e-04 4.308362805e-04 1.000206771e+00 1.802729261e-03
3.007620000e+00 1.503810000e-03 2.371094445e-01 5.708304951e-02 2.706865726e-03 5.932546717e-04 4.648104665e-04 1.000225292e+00 1.502147590e-03
3.046680000e+00 1.523340000e-03 9.945655929e-01 2.463327864e-01 2.319875274e-03 5.414157199e-04 4.249707265e-04 1.000209582e+00 6.450711988e-04
3.085740000e+00 1.542870000e-03 4.331557606e-01 5.825094066e-01 2.466060171e-03 5.695379851e-04 4.528477698e-04 1.000215475e+00 2.271455526e-03
3.124800000e+00 1.562400000e-03 -7.026499698e-01 5.452505099e-01 2.639137044e-03 5.791171645e-04 4.503293701e-04 1.000222440e+00 6.151246516e-04
3.163860000e+00 1.581930000e-03 -9.066909699e-01 2.341775223e-01 2.248023422e-03 5.361711754e-04 4.263072395e-04 1.000205758e+00 1.549920351e-03
3.202920000e+00 1.601460000e-03 9.160589861e-02 4.810313347e-01 2.683482455e-03 5.917148408e-04 4.650314016e-04 1.000224119e+00 1.760773127e-03
3.241980000e+00 1.620990000e-03 9.684267135e-01 6.257785550e-01 2.381055458e-03 5.477935715e-04 4.283576894e-04 1.000212002e+00 4.997762308e-04
3.281040000e+00 1.640520000e-03 5.610435942e-01 9.701596599e-01 2.394379663e-03 5.604232331e-04 4.463357173e-04 1.000212374e+00 2.238989834e-03
3.320100000e+00 1.660050000e-03 -5.903239494e-01 8.828702524e-01 2.685460528e-03 5.856590106e-04 4.556675028e-04 1.000224138e+00 8.121246967e-04
3.359160000e+00 1.679580000e-03 -9.588791979e-01 5.973023725e-01 2.247314025e-03 5.341096674e-04 4.232795807e-04 1.000205585e+00 1.279439446e-03
3.398220000e+00 1.699110000e-03 -5.589120917e-02 3.176030169e-01 2.641184408e-03 5.876987323e-04 4.633789979e-04 1.000222184e+00 1.983591983e-03
3.437280000e+00 1.718640000e-03 9.212125693e-01 4.147144568e-01 2.452255881e-03 5.555378297e-04 4.330625819e-04 1.000214720e+00 4.273232345e-04
3.476340000e+00 1.738170000e-03 6.767217870e-01 7.598451587e-01 2.332386227e-03 5.517095263e-04 4.396959269e-04 1.000209590e+00 2.129545520e-03
3.515400000e+00 1.757700000e-03 -4.651510781e-01 6.244149027e-01 2.713787334e-03 5.903756104e-04 4.600284700e-04 1.000225118e+00 1.055021455e-03
3.554460000e+00 1.777230000e-03 -9.901999377e-01 3.705338755e-01 2.261717758e-03 5.345756694e-04 4.220038253e-04 1.000206261e+00 1.014623597e-03
3.593520000e+00 1.796760000e-03 -2.021719915e-01 6.404357616e-02 2.582820206e-03 5.815099294e-04 4.599423955e-04 1.000219628e+00 2.151521801e-03
3.632580000e+00 1.816290000e-03 8.539506522e-01 1.114170834e-01 2.526970160e-03 5.639728853e-04 4.386702966e-04 1.000217498e+00 4.339627865e-04
3.671640000e+00 1.835820000e-03 7.776729069e-01 4.498264089e-01 2.285281270e-03 5.440193762e-04 4.333750143e-04 1.000207301e+00 1.952732532e-03
3.710700000e+00 1.855350000e-03 -3.298554149e-01 2.691870247e-01 2.722300871e-03 5.928197070e-04 4.629946951e-04 1.000225274e+00 1.322977851e-03
3.749760000e+00 1.874880000e-03 -9.999715757e-01 5.248856058e-02 2.293302056e-03 5.374886611e-04 4.225382525e-04 1.000207703e+00 7.783618588e-04
3.788820000e+00 1.894410000e-03 -3.440530313e-01 -2.741581129e-01 2.513775062e-03 5.737200546e-04 4.550504429e-04 1.000216687e+00 2.250141894e-03
3.827880000e+00 1.913940000e-03 7.681047413e-01 -2.707682727e-01 2.596778275e-03 5.723335796e-04 4.446533761e-04 1.000220074e+00 5.191670184e-04
3.866940000e+00 1.933470000e-03 8.617000178e-01 5.359409592e-02 2.258009198e-03 5.380341793e-04 4.279304914e-04 1.000205710e+00 1.723660017e-03
3.906000000e+00 1.953000000e-03 -1.873813146e-01 -1.683441106e-01 2.710341207e-03 5.927472556e-04 4.642718276e-04 1.000224573e+00 1.592981947e-03
3.945060000e+00 1.972530000e-03 -9.879814578e-01 -3.431692466e-01 2.344893520e-03 5.426171355e-04 4.248431915e-04 1.000209789e+00 5.910290741e-04
3.984120000e+00 1.992060000e-03 -4.784466602e-01 -6.829013330e-01 2.441213509e-03 5.650326044e-04 4.491397114e-04 1.000213622e+00 2.270849972e-03
4.023180000e+00 2.011590000e-03 6.655430474e-01 -6.288214484e-01 2.654576450e-03 5.798677422e-04 4.504636124e-04 1.000222210e+00 6.756810782e-04
4.062240000e+00 2.031120000e-03 9.269744902e-01 -3.255274237e-01 2.246728117e-03 5.342339945e-04 4.237971874e-04 1.000204938e+00 1.462147252e-03
4.101300000e+00 2.050650000e-03 -4.082935198e-02 -5.839601508e-01 2.678752488e-03 5.901374271e-04 4.637164207e-04 1.000223060e+00 1.841795777e-03
4.140360000e+00 2.070180000e-03 -9.544905175e-01 -7.131275315e-01 2.409842870e-03 5.495055439e-04 4.287014271e-04 1.000212331e+00 4.687681284e-04
4.179420000e+00 2.089710000e-03 -6.024281537e-01 -1.058590931e+00 2.373879869e-03 5.560871679e-04 4.426084895e-04 1.000210641e+00 2.212085746e-03
4.218480000e+00 2.109240000e-03 5.484975564e-01 -9.549917918e-01 2.695980702e-03 5.859425725e-04 4.556033740e-04 1.000223721e+00 8.899910801e-04
4.257540000e+00 2.128770000e-03 9.720757966e-01 -6.793315547e-01 2.251376539e-03 5.328803296e-04 4.212614986e-04 1.000205016e+00 1.190768153e-03
4.296600000e+00 2.148300000e-03 1.066111543e-01 -3.899986285e-01 2.629489162e-03 5.851643644e-04 4.613207688e-04 1.000220835e+00 2.048036133e-03
4.335660000e+00 2.167830000e-03 -9.002275971e-01 -4.707122143e-01 2.483275774e-03 5.575123363e-04 4.337249478e-04 1.000215080e+00 4.221788070e-04
4.374720000e+00 2.187360000e-03 -7.132993801e-01 -8.144286863e-01 2.315818283e-03 5.477345708e-04 4.360873611e-04 1.000208036e+00 2.078769558e-03
4.413780000e+00 2.206890000e-03 4.195154562e-01 -6.635529425e-01 2.718417141e-03 5.900071018e-04 4.596013268e-04 1.000224466e+00 1.143633608e-03
4.452840000e+00 2.226420000e-03 9.960224256e-01 -4.214937148e-01 2.271469191e-03 5.340981752e-04 4.205443101e-04 1.000205938e+00 9.328557722e-04
4.491900000e+00 2.245950000e-03 2.517315487e-01 -1.075237542e-01 2.565747759e-03 5.782298315e-04 4.572661280e-04 1.000218078e+00 2.194072038e-03
4.530960000e+00 2.265480000e-03 -8.263735866e-01 -1.380364478e-01 2.556148509e-03 5.659667760e-04 4.394922054e-04 1.000217807e+00 4.552757751e-04
4.570020000e+00 2.285010000e-03 -8.086475183e-01 -4.725655560e-01 2.275877881e-03 5.406107549e-04 4.300532142e-04 1.000205987e+00 1.882527925e-03
4.609080000e+00 2.304540000e-03 2.814037036e-01 -2.776792068e-01 2.720581836e-03 5.916744095e-04 4.620723019e-04 1.000224358e+00 1.414838702e-03
4.648140000e+00 2.324070000e-03 9.982932416e-01 -7.446083418e-02 2.309447920e-03 5.377575342e-04 4.216812113e-04 1.000207612e+00 7.106506714e-04
4.687200000e+00 2.343600000e-03 3.913736668e-01 2.573496627e-01 2.494350804e-03 5.699819243e-04 4.519448589e-04 1.000215048e+00 2.267190150e-03
4.726260000e+00 2.363130000e-03 -7.345357247e-01 2.370009467e-01 2.622147605e-03 5.740862100e-04 4.454489745e-04 1.000220247e+00 5.652540894e-04
4.765320000e+00 2.382660000e-03 -8.863975665e-01 -8.109932429e-02 2.253897643e-03 5.353287132e-04 4.250145946e-04 1.000204666e+00 1.640249148e-03
4.804380000e+00 2.402190000e-03 1.371679383e-01 1.535789072e-01 2.702340971e-03 5.907849549e-04 4.627818601e-04 1.000223395e+00 1.680283839e-03
4.843440000e+00 2.421720000e-03 9.788388262e-01 3.135573980e-01 2.367344127e-03 5.434860634e-04 4.245139894e-04 1.000209863e+00 5.433552245e-04
4.882500000e+00 2.441250000e-03 5.224985647e-01 6.560257298e-01 2.421518125e-03 5.610191739e-04 4.456967773e-04 1.000211948e+00 2.261137950e-03
4.921560000e+00 2.460780000e-03 -6.267126214e-01 5.852560725e-01 2.674281888e-03 5.811518648e-04 4.510596290e-04 1.000222178e+00 7.427156675e-04
4.960620000e+00 2.480310000e-03 -9.448574988e-01 2.904704987e-01 2.246882745e-03 5.323505084e-04 4.214091030e-04 1.000204188e+00 1.372777269e-03
4.999680000e+00 2.499840000e-03 -1.005292716e-02 2.108044253e-02 2.664863745e-03 5.873976403e-04 4.616451905e-04 1.000221650e+00 1.917113877e-03
5.038740000e+00 2.519370000e-03 9.380825537e-01 1.343560500e-01 2.435163979e-03 5.508015703e-04 4.288021291e-04 1.000212500e+00 4.453536671e-04
5.077800000e+00 2.538900000e-03 6.422526532e-01 4.800687806e-01 2.356343784e-03 5.521467000e-04 4.390953676e-04 1.000209060e+00 2.176515857e-03
5.116860000e+00 2.558430000e-03 -5.052507632e-01 3.604102593e-01 2.709124372e-03 5.865593690e-04 4.558337645e-04 1.000223430e+00 9.722897089e-04
5.155920000e+00 2.577960000e-03 -9.827550885e-01 9.532069606e-02 2.257165504e-03 5.318709637e-04 4.194825412e-04 1.000204562e+00 1.103216741e-03
5.194980000e+00 2.597490000e-03 -1.570550170e-01 -2.029497284e-01 2.610546079e-03 5.817542415e-04 4.587044246e-04 1.000219243e+00 2.104992686e-03
5.234040000e+00 2.617020000e-03 8.769113775e-01 -1.388291002e-01 2.509357893e-03 5.590236050e-04 4.341280079e-04 1.000215270e+00 4.251302078e-04
5.273100000e+00 2.636550000e-03 7.480297989e-01 2.026444669e-01 2.301974739e-03 5.440496903e-04 4.326218038e-04 1.000206590e+00 2.020591811e-03
5.312160000e+00 2.656080000e-03 -3.727934488e-01 3.668738381e-02 2.724539298e-03 5.898162545e-04 4.593331978e-04 1.000223884e+00 1.234227729e-03
5.351220000e+00 2.675610000e-03 -9.992655940e-01 -1.929678119e-01 2.283868875e-03 5.339181188e-04 4.193799935e-04 1.000205745e+00 8.548038129e-04
5.390280000e+00 2.695140000e-03 -3.006392168e-01 -5.136619474e-01 2.543702834e-03 5.743082144e-04 4.541821212e-04 1.000216367e+00 2.227817218e-03
5.429340000e+00 2.714670000e-03 7.966565275e-01 -5.000842043e-01 2.580339082e-03 5.674413711e-04 4.400199832e-04 1.000217929e+00 4.844297726e-04
5.468400000e+00 2.734200000e-03 8.375280400e-01 -1.702417647e-01 2.267860011e-03 5.374620659e-04 4.268684435e-04 1.000204770e+00 1.806762758e-03
5.507460000e+00 2.753730000e-03 -2.322232638e-01 -3.789049731e-01 2.719538328e-03 5.906040524e-04 4.612163042e-04 1.000223478e+00 1.506035904e-03
5.546520000e+00 2.773260000e-03 -9.940297074e-01 -5.681544986e-01 2.329393820e-03 5.383207625e-04 4.211119338e-04 1.000207636e+00 6.489061307e-04
5.585580000e+00 2.792790000e-03 -4.376807933e-01 -9.043302623e-01 2.471078246e-03 5.657690859e-04 4.485273220e-04 1.000213300e+00 2.274859635e-03
5.624640000e+00 2.812320000e-03 6.990645398e-01 -8.670711012e-01 2.642231833e-03 5.752728864e-04 4.459181867e-04 1.000220221e+00 6.182076863e-04
5.663700000e+00 2.831850000e-03 9.087996824e-01 -5.559997772e-01 2.250648916e-03 5.328684400e-04 4.222468331e-04 1.000203711e+00 1.553560886e-03
5.702760000e+00 2.851380000e-03 -8.659934910e-02 -8.028521642e-01 2.694476254e-03 5.888308371e-04 4.612917644e-04 1.000222233e+00 1.764314743e-03
5.741820000e+00 2.870910000e-03 -9.671613740e-01 -9.475993266e-01 2.391403076e-03 5.446399601e-04 4.244683137e-04 1.000210042e+00 5.033001550e-04
5.780880000e+00 2.890440000e-03 -5.651973965e-01 -1.291979607e+00 2.400344968e-03 5.567453315e-04 4.420954778e-04 1.000210239e+00 2.242224627e-03
5.819940000e+00 2.909970000e-03 5.862592479e-01 -1.204690171e+00 2.688800848e-03 5.818487300e-04 4.513090155e-04 1.000221946e+00 8.149416728e-04
5.859000000e+00 2.929500000e-03 9.602936857e-01 -9.191237272e-01 2.249197974e-03 5.306614623e-04 4.191452107e-04 1.000203503e+00 1.282733199e-03
5.898060000e+00 2.949030000e-03 6.090917303e-02 -6.394257968e-01 2.650880725e-03 5.846116984e-04 4.595102731e-04 1.000220236e+00 1.986829923e-03
5.937120000e+00 2.968560000e-03 -9.192453127e-01 -7.365373293e-01 2.462074438e-03 5.523259586e-04 4.291462069e-04 1.000212748e+00 4.305495465e-04
5.976180000e+00 2.988090000e-03 -6.804139624e-01 -1.081667253e+00 2.337801248e-03 5.480763731e-04 4.355018062e-04 1.000207479e+00 2.132632922e-03
6.015240000e+00 3.007620000e-03 4.606955626e-01 -9.462371372e-01 2.717298540e-03 5.865927345e-04 4.557155829e-04 1.000222950e+00 1.057629053e-03
6.054300000e+00 3.027150000e-03 9.908894182e-01 -6.923573054e-01 2.264828681e-03 5.310258204e-04 4.178237903e-04 1.000204158e+00 1.017599525e-03
6.093360000e+00 3.046680000e-03 2.070921669e-01 -3.858683995e-01 2.591425603e-03 5.782570019e-04 4.559729847e-04 1.000217630e+00 2.154524645e-03
6.132420000e+00 3.066210000e-03 -8.513242907e-01 -4.332421264e-01 2.535833102e-03 5.606897140e-04 4.347169903e-04 1.000215509e+00 4.369225041e-04
6.171480000e+00 3.085740000e-03 -7.808231048e-01 -7.716507634e-01 2.289666811e-03 5.404016563e-04 4.292022837e-04 1.000205201e+00 1.955645700e-03
6.210540000e+00 3.105270000e-03 3.251060481e-01 -5.910116541e-01 2.725943876e-03 5.890474707e-04 4.587096414e-04 1.000223120e+00 1.325419592e-03
6.249600000e+00 3.124800000e-03 9.999210442e-01 -3.743141588e-01 2.297361782e-03 5.338729390e-04 4.183382794e-04 1.000205591e+00 7.810626886e-04
6.288660000e+00 3.144330000e-03 3.487683436e-01 -4.766881325e-02 2.522014464e-03 5.703638095e-04 4.510321213e-04 1.000214666e+00 2.252933991e-03
6.327720000e+00 3.163860000e-03 -7.648764307e-01 -5.105829530e-02 2.604287500e-03 5.689881717e-04 4.406698843e-04 1.000218071e+00 5.218784301e-04
6.366780000e+00 3.183390000e-03 -8.642396824e-01 -3.754200600e-01 2.261042561e-03 5.344309706e-04 4.237833174e-04 1.000203625e+00 1.726405851e-03
6.405840000e+00 3.202920000e-03 1.824414539e-01 -1.534822264e-01 2.714140821e-03 5.889780470e-04 4.600061473e-04 1.000222430e+00 1.595291555e-03
6.444900000e+00 3.222450000e-03 9.871920140e-01 2.134214445e-02 2.350148791e-03 5.389382354e-04 4.206187399e-04 1.000207666e+00 5.934866094e-04
6.483960000e+00 3.241980000e-03 4.828544929e-01 3.610729787e-01 2.448640148e-03 5.615607661e-04 4.450521997e-04 1.000211567e+00 2.273429538e-03
6.523020000e+00 3.261510000e-03 -6.617830434e-01 3.069935351e-01 2.661474870e-03 5.764611071e-04 4.464506748e-04 1.000220192e+00 6.781837050e-04
6.562080000e+00 3.281040000e-03 -9.288483525e-01 3.699999103e-03 2.248296583e-03 5.306175429e-04 4.196510258e-04 1.000202854e+00 1.464725989e-03
6.601140000e+00 3.300570000e-03 3.580650055e-02 2.621322932e-01 2.682622339e-03 5.863716473e-04 4.594706232e-04 1.000220927e+00 1.843997783e-03
6.640200000e+00 3.320100000e-03 9.529793415e-01 3.912991074e-01 2.415150205e-03 5.457835916e-04 4.244654871e-04 1.000210203e+00 4.710034411e-04
6.679260000e+00 3.339630000e-03 6.064325819e-01 7.367613420e-01 2.380403701e-03 5.525438591e-04 4.384909331e-04 1.000208572e+00 2.214500717e-03
6.718320000e+00 3.359160000e-03 -5.442876857e-01 6.331627254e-01 2.702084965e-03 5.824652958e-04 4.515515309e-04 1.000221685e+00 8.923135810e-04
6.757380000e+00 3.378690000e-03 -9.732430768e-01 3.575028623e-01 2.253180389e-03 5.292482594e-04 4.171140961e-04 1.000202932e+00 1.193173593e-03
6.796440000e+00 3.398220000e-03 -1.116076873e-01 6.817040222e-02 2.633378970e-03 5.814159872e-04 4.571075858e-04 1.000218719e+00 2.050144982e-03
6.835500000e+00 3.417750000e-03 8.980275758e-01 1.488835985e-01 2.487873800e-03 5.537551913e-04 4.294824097e-04 1.000212950e+00 4.242254195e-04
6.874560000e+00 3.437280000e-03 7.168132581e-01 4.925990076e-01 2.320629331e-03 5.441084654e-04 4.319227020e-04 1.000205944e+00 2.081009923e-03
6.913620000e+00 3.456810000e-03 -4.149473356e-01 3.417238580e-01 2.723961489e-03 5.864710837e-04 4.555183655e-04 1.000222415e+00 1.145787112e-03
6.952680000e+00 3.476340000e-03 -9.964577209e-01 9.966490720e-02 2.274773038e-03 5.304567719e-04 4.164032177e-04 1.000203858e+00 9.350941692e-04
6.991740000e+00 3.495870000e-03 -2.565930269e-01 -2.143045656e-01 2.569795710e-03 5.744707094e-04 4.530545505e-04 1.000215963e+00 2.196066904e-03
7.030800000e+00 3.515400000e-03 8.235325976e-01 -1.837921161e-01 2.560266558e-03 5.621807176e-04 4.352442879e-04 1.000215675e+00 4.571533427e-04
7.069860000e+00 3.534930000e-03 8.115943756e-01 1.507360350e-01 2.279191883e-03 5.369402591e-04 4.258756160e-04 1.000203889e+00 1.884611824e-03
7.108920000e+00 3.554460000e-03 -2.765767462e-01 -4.414966877e-02 2.725661364e-03 5.880901408e-04 4.579669272e-04 1.000222296e+00 1.416838961e-03
7.147980000e+00 3.573990000e-03 -9.979870790e-01 -2.473678572e-01 2.313644014e-03 5.340946130e-04 4.175352691e-04 1.000205530e+00 7.127328669e-04
7.187040000e+00 3.593520000e-03 -3.959942929e-01 -5.791778731e-01 2.498578498e-03 5.661970541e-04 4.477217463e-04 1.000212928e+00 2.269107542e-03
7.226100000e+00 3.613050000e-03 7.311155947e-01 -5.588290350e-01 2.625612712e-03 5.702711869e-04 4.411946371e-04 1.000218112e+00 5.669923763e-04
7.265160000e+00 3.632580000e-03 8.887132725e-01 -2.407296100e-01 2.255567548e-03 5.316028229e-04 4.208105151e-04 1.000202555e+00 1.642193862e-03
7.304220000e+00 3.652110000e-03 -1.321871900e-01 -4.754071672e-01 2.707065767e-03 5.871551174e-04 4.586548444e-04 1.000221324e+00 1.682144160e-03
7.343280000e+00 3.671640000e-03 -9.777978685e-01 -6.353855684e-01 2.372236105e-03 5.398005930e-04 4.203605896e-04 1.000207778e+00 5.452848187e-04
7.382340000e+00 3.691170000e-03 -5.267777828e-01 -9.778534404e-01 2.425785431e-03 5.572408985e-04 4.414928860e-04 1.000209838e+00 2.262969371e-03
7.421400000e+00 3.710700000e-03 6.227877805e-01 -9.070837869e-01 2.677525563e-03 5.773170044e-04 4.468033991e-04 1.000220043e+00 7.443217116e-04
7.460460000e+00 3.730230000e-03 9.464916584e-01 -6.122989625e-01 2.248019397e-03 5.285773269e-04 4.171827181e-04 1.000202067e+00 1.374575123e-03
7.499520000e+00 3.749760000e-03 1.507907324e-02 -3.429096012e-01 2.669280797e-03 5.837162493e-04 4.574881849e-04 1.000219564e+00 1.918846088e-03
7.538580000e+00 3.769290000e-03 -9.363294547e-01 -4.561851998e-01 2.439989861e-03 5.471005252e-04 4.246489359e-04 1.000210416e+00 4.471428824e-04
7.577640000e+00 3.788820000e-03 -6.460973374e-01 -8.018975025e-01 2.360086866e-03 5.483409958e-04 4.348765791e-04 1.000206943e+00 2.178267457e-03
7.616700000e+00 3.808350000e-03 5.009066254e-01 -6.822390666e-01 2.712090543e-03 5.827167172e-04 4.515861297e-04 1.000221300e+00 9.737878616e-04
7.655760000e+00 3.827880000e-03 9.836721383e-01 -4.171501373e-01 2.258932877e-03 5.280715831e-04 4.152524569e-04 1.000202439e+00 1.104882935e-03
7.694820000e+00 3.847410000e-03 1.620171801e-01 -1.188804139e-01 2.614557966e-03 5.780094062e-04 4.545062420e-04 1.000217137e+00 2.106623069e-03
7.733880000e+00 3.866940000e-03 -8.744842887e-01 -1.830010952e-01 2.513718627e-03 5.552979811e-04 4.299653518e-04 1.000213182e+00 4.267939546e-04
7.772940000e+00 3.886470000e-03 -7.513562798e-01 -5.244742883e-01 2.304695320e-03 5.402428507e-04 4.284129005e-04 1.000204479e+00 2.022252582e-03
7.812000000e+00 3.906000000e-03 3.681245527e-01 -3.585173502e-01 2.727304617e-03 5.859580429e-04 4.550860925e-04 1.000221754e+00 1.235643806e-03
7.851060000e+00 3.925530000e-03 9.994455769e-01 -1.288626783e-01 2.286287159e-03 5.300858139e-04 4.151382973e-04 1.000203617e+00 8.563513152e-04
7.890120000e+00 3.945060000e-03 3.054294084e-01 1.918307894e-01 2.547755070e-03 5.705427546e-04 4.499843984e-04 1.000214261e+00 2.229379849e-03
7.929180000e+00 3.964590000e-03 -7.936082681e-01 1.782529072e-01 2.584131002e-03 5.636978164e-04 4.358540522e-04 1.000215839e+00 4.859762111e-04
7.968240000e+00 3.984120000e-03 -8.402639255e-01 -1.515892016e-01 2.269671733e-03 5.336447318e-04 4.226609815e-04 1.000202659e+00 1.808350105e-03
8.007300000e+00 4.003650000e-03 2.273312156e-01 5.707381848e-02 2.722166705e-03 5.867291358e-04 4.569668442e-04 1.000221347e+00 1.507388968e-03
8.046360000e+00 4.023180000e-03 9.934687065e-01 2.463229268e-01 2.332282747e-03 5.344575362e-04 4.168577269e-04 1.000205503e+00 6.503369317e-04
8.085420000e+00 4.042710000e-03 4.421947675e-01 5.824980503e-01 2.474949386e-03 5.619747085e-04 4.443182614e-04 1.000211189e+00 2.276317688e-03
8.124480000e+00 4.062240000e-03 -6.954614472e-01 5.452390796e-01 2.645693867e-03 5.715125481e-04 4.417486964e-04 1.000218130e+00 6.196528381e-04
8.163540000e+00 4.081770000e-03 -9.108854330e-01 2.341680218e-01 2.251509867e-03 5.290317939e-04 4.180301480e-04 1.000201597e+00 1.555060521e-03
8.202600000e+00 4.101300000e-03 8.159061157e-02 4.810201908e-01 2.696950757e-03 5.849441855e-04 4.570439572e-04 1.000220104e+00 1.765619405e-03
8.241660000e+00 4.120830000e-03 9.658715982e-01 6.257670402e-01 2.394502954e-03 5.407611485e-04 4.202151141e-04 1.000207910e+00 5.046255385e-04
8.280720000e+00 4.140360000e-03 5.693369185e-01 9.701467144e-01 2.403886695e-03 5.529145323e-04 4.378688516e-04 1.000208119e+00 2.243619234e-03
8.319780000e+00 4.159890000e-03 -5.821797339e-01 8.828575039e-01 2.691934402e-03 5.780612766e-04 4.471277438e-04 1.000219850e+00 8.163087102e-04
8.358840000e+00 4.179420000e-03 -9.616839106e-01 5.972912543e-01 2.250023234e-03 5.268228418e-04 4.149362279e-04 1.000201392e+00 1.284145576e-03
8.397900000e+00 4.198950000e-03 -6.592559795e-02 3.175935524e-01 2.653251397e-03 5.807296202e-04 4.552796554e-04 1.000218115e+00 1.988095770e-03
8.436960000e+00 4.218480000e-03 9.172548304e-01 4.147048605e-01 2.464889064e-03 5.484222708e-04 4.248842714e-04 1.000210612e+00 4.317834202e-04
8.476020000e+00 4.238010000e-03 6.840889463e-01 7.598342297e-01 2.340679970e-03 5.442215636e-04 4.312665922e-04 1.000205356e+00 2.133936803e-03
8.515080000e+00 4.257540000e-03 -4.562284072e-01 6.244043864e-01 2.720203846e-03 5.827773605e-04 4.515195326e-04 1.000220846e+00 1.058916044e-03
8.554140000e+00 4.277070000e-03 -9.915538628e-01 3.705247027e-01 2.266355129e-03 5.271796254e-04 4.136175074e-04 1.000202049e+00 1.018935750e-03
8.593200000e+00 4.296600000e-03 -2.120071099e-01 6.403602822e-02 2.593694927e-03 5.743778495e-04 4.517540841e-04 1.000215516e+00 2.155730866e-03
8.632260000e+00 4.316130000e-03 8.486764196e-01 1.114096171e-01 2.538307048e-03 5.567738619e-04 4.304558330e-04 1.000213373e+00 4.380677009e-04
8.671320000e+00 4.335660000e-03 7.839535743e-01 4.498177384e-01 2.291633720e-03 5.365280891e-04 4.249644520e-04 1.000203077e+00 1.956887149e-03
8.710380000e+00 4.355190000e-03 -3.203484671e-01 2.691789354e-01 2.728610949e-03 5.852146768e-04 4.545081433e-04 1.000221015e+00 1.326628516e-03
8.749440000e+00 4.374720000e-03 -9.998452486e-01 5.248154211e-02 2.299342420e-03 5.300092823e-04 4.141236311e-04 1.000203478e+00 7.823183211e-04
8.788500000e+00 4.394250000e-03 -3.534748438e-01 -2.741635698e-01 2.524359994e-03 5.664545776e-04 4.467924297e-04 1.000212541e+00 2.254089996e-03
8.827560000e+00 4.413780000e-03 7.616287947e-01 -2.707740018e-01 2.606287420e-03 5.650540126e-04 4.364040411e-04 1.000215933e+00 5.229532142e-04
8.866620000e+00 4.433310000e-03 8.667575111e-01 5.358730758e-02 2.262241266e-03 5.305260460e-04 4.195285751e-04 1.000201492e+00 1.727573606e-03
8.905680000e+00 4.452840000e-03 -1.774969837e-01 -1.683501956e-01 2.716636087e-03 5.851290995e-04 4.557999590e-04 1.000220322e+00 1.596425266e-03
8.944740000e+00 4.472370000e-03 -9.863776277e-01 -3.431745153e-01 2.352626656e-03 5.350722748e-04 4.164101352e-04 1.000205557e+00 5.946634017e-04
8.983800000e+00 4.491900000e-03 -4.872501257e-01 -6.829051251e-01 2.450980918e-03 5.576582537e-04 4.408285120e-04 1.000209451e+00 2.274556751e-03
9.022860000e+00 4.511430000e-03 6.580063188e-01 -6.288256665e-01 2.663320090e-03 5.725126666e-04 4.421819088e-04 1.000218054e+00 6.791877624e-04
9.061920000e+00 4.530960000e-03 9.306987463e-01 -3.255325428e-01 2.248828575e-03 5.267011212e-04 4.153975791e-04 1.000200722e+00 1.465821225e-03
9.100980000e+00 4.550490000e-03 -3.078274443e-02 -5.839644869e-01 2.684960006e-03 5.825013027e-04 4.552534636e-04 1.000218814e+00 1.845059195e-03
9.140040000e+00 4.570020000e-03 -9.514440875e-01 -7.131312828e-01 2.417675018e-03 5.419078657e-04 4.202565636e-04 1.000208094e+00 4.721130616e-04
9.179100000e+00 4.589550000e-03 -6.104216880e-01 -1.058593315e+00 2.382474413e-03 5.486211400e-04 4.342542214e-04 1.000206449e+00 2.215573034e-03
9.218160000e+00 4.609080000e-03 5.400640630e-01 -9.549947313e-01 2.703773280e-03 5.785171757e-04 4.472920707e-04 1.000219552e+00 8.932520803e-04
9.257220000e+00 4.628610000e-03 9.743857670e-01 -6.793352345e-01 2.253691007e-03 5.253178957e-04 4.128598339e-04 1.000200800e+00 1.194207734e-03
9.296280000e+00 4.648140000e-03 1.166014004e-01 -3.900031345e-01 2.635523136e-03 5.775054773e-04 4.528611479e-04 1.000216592e+00 2.051141788e-03
9.335340000e+00 4.667670000e-03 -8.958048648e-01 -4.707163441e-01 2.490165760e-03 5.498703008e-04 4.252717578e-04 1.000210840e+00 4.252673435e-04
9.374400000e+00 4.687200000e-03 -7.203090249e-01 -8.144315716e-01 2.322271725e-03 5.401928792e-04 4.277007069e-04 1.000203828e+00 2.082046987e-03
9.413460000e+00 4.706730000e-03 4.103687309e-01 -6.635564801e-01 2.725533180e-03 5.825182054e-04 4.512642934e-04 1.000220284e+00 1.146680165e-03
9.452520000e+00 4.726260000e-03 9.968678396e-01 -4.214978329e-01 2.275855955e-03 5.265045148e-04 4.121388755e-04 1.000201722e+00 9.360661522e-04
9.491580000e+00 4.745790000e-03 2.614480219e-01 -1.075287082e-01 2.571888096e-03 5.705458076e-04 4.488061677e-04 1.000213835e+00 2.197038559e-03
9.530640000e+00 4.765320000e-03 -8.206708012e-01 -1.380412111e-01 2.562381489e-03 5.582865213e-04 4.310333329e-04 1.000213565e+00 4.581375444e-04
9.569700000e+00 4.784850000e-03 -8.145207271e-01 -4.725692089e-01 2.280271718e-03 5.330049940e-04 4.216409648e-04 1.000201767e+00 1.885606825e-03
9.608760000e+00 4.804380000e-03 2.717428007e-01 -2.776835824e-01 2.727124469e-03 5.841274906e-04 4.537122625e-04 1.000220165e+00 1.417699666e-03
9.647820000e+00 4.823910000e-03 9.976557011e-01 -7.446563735e-02 2.315021973e-03 5.301327983e-04 4.132714932e-04 1.000203394e+00 7.136420070e-04
9.686880000e+00 4.843440000e-03 4.006049137e-01 2.573440397e-01 2.500580940e-03 5.622738837e-04 4.434845844e-04 1.000210806e+00 2.270025149e-03
9.725940000e+00 4.862970000e-03 -7.276769923e-01 2.369952911e-01 2.627470675e-03 5.663724875e-04 4.369857944e-04 1.000216004e+00 5.679187885e-04
9.765000000e+00 4.882500000e-03 -8.910065242e-01 -8.110400838e-02 2.256121087e-03 5.276683382e-04 4.165824356e-04 1.000200437e+00 1.643137756e-03
9.804060000e+00 4.902030000e-03 1.272031020e-01 1.535734562e-01 2.708437555e-03 5.831851785e-04 4.544014716e-04 1.000219194e+00 1.682982836e-03
9.843120000e+00 4.921560000e-03 9.767322057e-01 3.135516633e-01 2.373778305e-03 5.358307226e-04 4.160994088e-04 1.000205644e+00 5.461414896e-04
9.882180000e+00 4.941090000e-03 5.310436913e-01 6.560192134e-01 2.427661422e-03 5.532859750e-04 4.372342395e-04 1.000207705e+00 2.263846100e-03
9.921240000e+00 4.960620000e-03 -6.188472042e-01 5.852496542e-01 2.679217219e-03 5.734077491e-04 4.425927678e-04 1.000217934e+00 7.452109595e-04
9.960300000e+00 4.980150000e-03 -9.481019037e-01 2.904649106e-01 2.248317178e-03 5.246442001e-04 4.129625223e-04 1.000199953e+00 1.375482567e-03
9.999360000e+00 4.999680000e-03 -2.010483833e-02 2.107564079e-02 2.670560536e-03 5.797499030e-04 4.532470391e-04 1.000217440e+00 1.919668933e-03
1.003842000e+01 5.019210000e-03 9.345526982e-01 1.343510972e-01 2.441518085e-03 5.431164930e-04 4.203826599e-04 1.000208279e+00 4.479484203e-04
1.007748000e+01 5.038740000e-03 6.499256973e-01 4.800631005e-01 2.361613612e-03 5.443903532e-04 4.306312898e-04 1.000204817e+00 2.179100971e-03
1.011654000e+01 5.058270000e-03 -4.965498315e-01 3.604047844e-01 2.713655304e-03 5.787870185e-04 4.473634432e-04 1.000219185e+00 9.746381047e-04
1.015560000e+01 5.077800000e-03 -9.845643345e-01 9.531591308e-02 2.259498656e-03 5.241251763e-04 4.110250523e-04 1.000200322e+00 1.105747757e-03
1.019466000e+01 5.097330000e-03 -1.669752496e-01 -2.029537259e-01 2.615735999e-03 5.740619639e-04 4.502898700e-04 1.000215025e+00 2.107420169e-03
1.023372000e+01 5.116860000e-03 8.720351050e-01 -1.388331314e-01 2.514999376e-03 5.513102259e-04 4.257038243e-04 1.000211048e+00 4.275511321e-04
1.027278000e+01 5.136390000e-03 7.546637768e-01 2.026397772e-01 2.305764681e-03 5.362703770e-04 4.241554924e-04 1.000202347e+00 2.023054845e-03
1.031184000e+01 5.155920000e-03 -3.634463555e-01 3.668298325e-02 2.728734548e-03 5.820191181e-04 4.508607459e-04 1.000219638e+00 1.236449111e-03
1.035090000e+01 5.175450000e-03 -9.996003077e-01 -1.929716535e-01 2.287167012e-03 5.261379048e-04 4.109142524e-04 1.000201502e+00 8.571701617e-04
1.038996000e+01 5.194980000e-03 -3.102118829e-01 -5.136650245e-01 2.548951914e-03 5.665747958e-04 4.457523977e-04 1.000212142e+00 2.230130365e-03
1.042902000e+01 5.214510000e-03 7.905399572e-01 -5.000872096e-01 2.585236433e-03 5.597007731e-04 4.315911568e-04 1.000213705e+00 4.866929018e-04
1.046808000e+01 5.234040000e-03 8.429785807e-01 -1.702453533e-01 2.270312060e-03 5.296623532e-04 4.184014329e-04 1.000200526e+00 1.809103569e-03
1.050714000e+01 5.253570000e-03 -2.224334237e-01 -3.789082115e-01 2.723487098e-03 5.827844919e-04 4.527422480e-04 1.000219232e+00 1.508147344e-03
1.054620000e+01 5.273100000e-03 -9.928826046e-01 -5.681573022e-01 2.333456614e-03 5.305111496e-04 4.126409072e-04 1.000203391e+00 6.511177291e-04
1.058526000e+01 5.292630000e-03 -4.466975691e-01 -9.043323364e-01 2.476138211e-03 5.580001955e-04 4.400864219e-04 1.000209070e+00 2.277063609e-03
1.062432000e+01 5.312160000e-03 6.918407829e-01 -8.670733328e-01 2.646664697e-03 5.675064624e-04 4.374848451e-04 1.000215995e+00 6.203314650e-04
1.066338000e+01 5.331690000e-03 9.129481690e-01 -5.560025089e-01 2.251666712e-03 5.250495537e-04 4.137792748e-04 1.000199468e+00 1.555781849e-03
1.070244000e+01 5.351220000e-03 -7.657981255e-02 -8.028545046e-01 2.698170791e-03 5.809907422e-04 4.528165193e-04 1.000217987e+00 1.766329435e-03
1.074150000e+01 5.370750000e-03 -9.645574185e-01 -9.476013469e-01 2.395789655e-03 5.368046842e-04 4.159937225e-04 1.000205796e+00 5.053689274e-04
1.078056000e+01 5.390280000e-03 -5.734620556e-01 -1.291980945e+00 2.405036611e-03 5.489431358e-04 4.336439528e-04 1.000206004e+00 2.244326240e-03
1.081962000e+01 5.409810000e-03 5.780855105e-01 -1.204691738e+00 2.692846108e-03 5.740569919e-04 4.428707538e-04 1.000217719e+00 8.169417010e-04
1.085868000e+01 5.429340000e-03 9.630498374e-01 -9.191257114e-01 2.250154260e-03 5.228245891e-04 4.106775077e-04 1.000199260e+00 1.284835123e-03
1.089774000e+01 5.448870000e-03 7.094035719e-02 -6.394281956e-01 2.654376945e-03 5.767520580e-04 4.510336633e-04 1.000215989e+00 1.988758214e-03
1.093680000e+01 5.468400000e-03 -9.152411726e-01 -7.365395125e-01 2.466085471e-03 5.444679108e-04 4.206692945e-04 1.000208502e+00 4.324876941e-04
1.097586000e+01 5.487930000e-03 -6.877466460e-01 -1.081668809e+00 2.341571220e-03 5.402456561e-04 4.270429547e-04 1.000203241e+00 2.134634242e-03
1.101492000e+01 5.507460000e-03 4.517497246e-01 -9.462389790e-01 2.721045279e-03 5.787777342e-04 4.472734128e-04 1.000218721e+00 1.059519265e-03
1.105398000e+01 5.526990000e-03 9.921932547e-01 -6.923594817e-01 2.266722102e-03 5.231729984e-04 4.093571181e-04 1.000199916e+00 1.019584999e-03
1.109304000e+01 5.546520000e-03 2.169166963e-01 -3.858709969e-01 2.594763380e-03 5.703782947e-04 4.474942042e-04 1.000213383e+00 2.156376589e-03
1.113210000e+01 5.566050000e-03 -8.460071057e-01 -4.332445998e-01 2.539408815e-03 5.528116306e-04 4.262389967e-04 1.000211262e+00 4.387428692e-04
1.117116000e+01 5.585580000e-03 -7.870642364e-01 -7.716526728e-01 2.292183059e-03 5.325445108e-04 4.207367769e-04 1.000200961e+00 1.957550741e-03
1.121022000e+01 5.605110000e-03 3.155827921e-01 -5.910138910e-01 2.729371534e-03 5.812107806e-04 4.502640360e-04 1.000218890e+00 1.327213034e-03
1.124928000e+01 5.624640000e-03 9.997441908e-01 -3.743166509e-01 2.299916441e-03 5.260054318e-04 4.098730050e-04 1.000201351e+00 7.829365091e-04
1.128834000e+01 5.644170000e-03 3.581724131e-01 -4.767171962e-02 2.525393127e-03 5.624692603e-04 4.425531439e-04 1.000210419e+00 2.254715395e-03
1.132740000e+01 5.663700000e-03 -7.583619153e-01 -5.106124501e-02 2.607265733e-03 5.610923530e-04 4.321916797e-04 1.000213825e+00 5.235933448e-04
1.136646000e+01 5.683230000e-03 -8.692534402e-01 -3.754225106e-01 2.262485911e-03 5.265510911e-04 4.153136674e-04 1.000199382e+00 1.728215825e-03
1.140552000e+01 5.702760000e-03 1.725480287e-01 -1.534850316e-01 2.717361934e-03 5.811209496e-04 4.515574674e-04 1.000218199e+00 1.596999356e-03
1.144458000e+01 5.722290000e-03 9.855383194e-01 2.133915863e-02 2.353356749e-03 5.310567394e-04 4.121548876e-04 1.000203427e+00 5.952539040e-04
1.148364000e+01 5.741820000e-03 4.916334476e-01 3.610695955e-01 2.451938280e-03 5.536518165e-04 4.365736924e-04 1.000207321e+00 2.275141114e-03
1.152270000e+01 5.761350000e-03 -6.542129689e-01 3.069901744e-01 2.664212091e-03 5.685493331e-04 4.379727564e-04 1.000215946e+00 6.798061377e-04
1.156176000e+01 5.780880000e-03 -9.325256251e-01 3.697069168e-03 2.248838552e-03 5.227177389e-04 4.111788200e-04 1.000198611e+00 1.466443219e-03
1.160082000e+01 5.800410000e-03 2.575821054e-02 2.621289934e-01 2.685625397e-03 5.784954341e-04 4.510192868e-04 1.000216694e+00 1.845628214e-03
1.163988000e+01 5.819940000e-03 9.498847941e-01 3.912956950e-01 2.418415970e-03 5.378893942e-04 4.160036704e-04 1.000205965e+00 4.726703264e-04
1.167894000e+01 5.839470000e-03 6.143953710e-01 7.367575588e-01 2.383223605e-03 5.446216599e-04 4.300130459e-04 1.000204326e+00 2.216146644e-03
1.171800000e+01 5.859000000e-03 -5.358267950e-01 6.331590198e-01 2.704591906e-03 5.745384802e-04 4.430738704e-04 1.000217440e+00 8.938541269e-04
